0       0.000000049
-400000 0.000000035
-1600000        0.000000007
-2400000        -0.000000021
-3200000        -0.000000035
-3600000        -0.000000063
-4800000        -0.000000063
-5200000        -0.000000077
-6000000        -0.000000091
-6800000        -0.000000147
-7600000        -0.000000161
-8400000        -0.000000175
-9600000        -0.000000217
-10000000       -0.000000231
-10800000       -0.000000245
-11600000       -0.000000287
-12400000       -0.000000287
-13200000       -0.000000315
-13600000       -0.000000329
-14000000       -0.000000357
-14800000       -0.000000371
-16000000       -0.000000371
-15600000       -0.000000399
-16400000       -0.000000427
-16800000       -0.000000441
-17200000       -0.000000427
-17600000       -0.000000441
-18400000       -0.000000469
-17600000       -0.000000469
-16800000       -0.000000469
-16400000       -0.000000455
-16400000       -0.000000455
-14800000       -0.000000427
-14800000       -0.000000427
-14000000       -0.000000413
-13200000       -0.000000413
-12400000       -0.000000399
-12000000       -0.000000385
-11600000       -0.000000371
-10800000       -0.000000315
-10000000       -0.000000343
-9600000        -0.000000329
-8800000        -0.000000301
-8400000        -0.000000273
-7200000        -0.000000259
-6800000        -0.000000245
-6000000        -0.000000231
-6000000        -0.000000203
-4800000        -0.000000189
-4800000        -0.000000189
-3600000        -0.000000147
-2800000        -0.000000147
-2800000        -0.000000119
-2000000        -0.000000105
-1600000        -0.000000091
-1200000        -0.000000077
-1200000        -0.000000063
-400000 -0.000000049
-400000 -0.000000063
400000  -0.000000035
800000  -0.000000035
800000  -0.000000021
800000  -0.000000021
1200000 -0.000000007
2000000 0.000000021
2000000 0.000000035
2800000 0.000000049
2800000 0.000000035
3200000 0.000000063
4400000 0.000000063
4400000 0.000000063
4400000 0.000000105
5600000 0.000000119
6000000 0.000000147
6800000 0.000000147
7600000 0.000000161
7600000 0.000000175
8400000 0.000000203
8800000 0.000000203
9600000 0.000000231
10400000        0.000000231
10400000        0.000000273
11600000        0.000000273
11600000        0.000000301
12400000        0.000000315
13600000        0.000000315
13200000        0.000000357
13600000        0.000000357
14000000        0.000000357
14400000        0.000000385
15200000        0.000000399
15200000        0.000000441
14800000        0.000000441
13600000        0.000000441
14000000        0.000000413
12800000        0.000000413
12800000        0.000000399
12400000        0.000000385
11600000        0.000000385
11200000        0.000000385
10400000        0.000000371
10400000        0.000000343
9600000 0.000000343
9200000 0.000000315
8800000 0.000000315
8000000 0.000000287
7600000 0.000000287
7200000 0.000000273
6800000 0.000000273
6000000 0.000000273
5600000 0.000000245
5200000 0.000000231
5200000 0.000000217
4400000 0.000000217
4400000 0.000000175
4000000 0.000000189
4000000 0.000000175
3600000 0.000000175
2800000 0.000000147
2800000 0.000000133
2800000 0.000000133
2800000 0.000000133
2400000 0.000000147
2400000 0.000000133
2400000 0.000000147
2000000 0.000000133
1600000 0.000000105
800000  0.000000091
800000  0.000000091
400000  0.000000091
0       0.000000049