  0.3333E+00  0.0000E+00
  0.3333E+00  0.2417E-02
  0.3333E+00  0.4833E-02
  0.3333E+00  0.7249E-02
  0.3333E+00  0.9666E-02
  0.3332E+00  0.1208E-01
  0.3332E+00  0.1450E-01
  0.3331E+00  0.1691E-01
  0.3331E+00  0.1933E-01
  0.3330E+00  0.2174E-01
  0.3329E+00  0.2416E-01
  0.3329E+00  0.2657E-01
  0.3328E+00  0.2898E-01
  0.3327E+00  0.3139E-01
  0.3326E+00  0.3381E-01
  0.3325E+00  0.3622E-01
  0.3323E+00  0.3863E-01
  0.3322E+00  0.4103E-01
  0.3321E+00  0.4344E-01
  0.3319E+00  0.4585E-01
  0.3318E+00  0.4826E-01
  0.3316E+00  0.5066E-01
  0.3315E+00  0.5306E-01
  0.3313E+00  0.5547E-01
  0.3311E+00  0.5787E-01
  0.3309E+00  0.6027E-01
  0.3307E+00  0.6266E-01
  0.3305E+00  0.6506E-01
  0.3303E+00  0.6746E-01
  0.3301E+00  0.6985E-01
  0.3298E+00  0.7224E-01
  0.3296E+00  0.7463E-01
  0.3294E+00  0.7702E-01
  0.3291E+00  0.7941E-01
  0.3288E+00  0.8179E-01
  0.3286E+00  0.8418E-01
  0.3283E+00  0.8656E-01
  0.3280E+00  0.8894E-01
  0.3277E+00  0.9131E-01
  0.3274E+00  0.9369E-01
  0.3271E+00  0.9606E-01
  0.3268E+00  0.9843E-01
  0.3265E+00  0.1008E+00
  0.3262E+00  0.1032E+00
  0.3258E+00  0.1055E+00
  0.3255E+00  0.1079E+00
  0.3251E+00  0.1102E+00
  0.3248E+00  0.1126E+00
  0.3244E+00  0.1150E+00
  0.3240E+00  0.1173E+00
  0.3236E+00  0.1197E+00
  0.3233E+00  0.1220E+00
  0.3229E+00  0.1243E+00
  0.3225E+00  0.1267E+00
  0.3220E+00  0.1290E+00
  0.3216E+00  0.1313E+00
  0.3212E+00  0.1337E+00
  0.3208E+00  0.1360E+00
  0.3203E+00  0.1383E+00
  0.3199E+00  0.1407E+00
  0.3194E+00  0.1430E+00
  0.3190E+00  0.1453E+00
  0.3185E+00  0.1476E+00
  0.3180E+00  0.1499E+00
  0.3175E+00  0.1522E+00
  0.3170E+00  0.1545E+00
  0.3165E+00  0.1568E+00
  0.3160E+00  0.1591E+00
  0.3155E+00  0.1614E+00
  0.3150E+00  0.1637E+00
  0.3144E+00  0.1659E+00
  0.3139E+00  0.1682E+00
  0.3134E+00  0.1705E+00
  0.3128E+00  0.1728E+00
  0.3122E+00  0.1750E+00
  0.3117E+00  0.1773E+00
  0.3111E+00  0.1796E+00
  0.3105E+00  0.1818E+00
  0.3099E+00  0.1841E+00
  0.3093E+00  0.1863E+00
  0.3087E+00  0.1885E+00
  0.3081E+00  0.1908E+00
  0.3075E+00  0.1930E+00
  0.3069E+00  0.1952E+00
  0.3062E+00  0.1975E+00
  0.3056E+00  0.1997E+00
  0.3050E+00  0.2019E+00
  0.3043E+00  0.2041E+00
  0.3036E+00  0.2063E+00
  0.3030E+00  0.2085E+00
  0.3023E+00  0.2107E+00
  0.3016E+00  0.2129E+00
  0.3009E+00  0.2151E+00
  0.3002E+00  0.2172E+00
  0.2995E+00  0.2194E+00
  0.2988E+00  0.2216E+00
  0.2981E+00  0.2238E+00
  0.2974E+00  0.2259E+00
  0.2966E+00  0.2281E+00
  0.2959E+00  0.2302E+00
  0.2952E+00  0.2324E+00
  0.2944E+00  0.2345E+00
  0.2936E+00  0.2366E+00
  0.2929E+00  0.2387E+00
  0.2921E+00  0.2409E+00
  0.2913E+00  0.2430E+00
  0.2905E+00  0.2451E+00
  0.2897E+00  0.2472E+00
  0.2889E+00  0.2493E+00
  0.2881E+00  0.2514E+00
  0.2873E+00  0.2535E+00
  0.2865E+00  0.2556E+00
  0.2857E+00  0.2576E+00
  0.2848E+00  0.2597E+00
  0.2840E+00  0.2618E+00
  0.2832E+00  0.2638E+00
  0.2823E+00  0.2659E+00
  0.2814E+00  0.2679E+00
  0.2806E+00  0.2699E+00
  0.2797E+00  0.2720E+00
  0.2788E+00  0.2740E+00
  0.2779E+00  0.2760E+00
  0.2770E+00  0.2780E+00
  0.2761E+00  0.2800E+00
  0.2752E+00  0.2820E+00
  0.2743E+00  0.2840E+00
  0.2734E+00  0.2860E+00
  0.2725E+00  0.2880E+00
  0.2716E+00  0.2900E+00
  0.2706E+00  0.2919E+00
  0.2697E+00  0.2939E+00
  0.2687E+00  0.2958E+00
  0.2678E+00  0.2978E+00
  0.2668E+00  0.2997E+00
  0.2658E+00  0.3016E+00
  0.2649E+00  0.3036E+00
  0.2639E+00  0.3055E+00
  0.2629E+00  0.3074E+00
  0.2619E+00  0.3093E+00
  0.2609E+00  0.3112E+00
  0.2599E+00  0.3131E+00
  0.2589E+00  0.3150E+00
  0.2579E+00  0.3168E+00
  0.2568E+00  0.3187E+00
  0.2558E+00  0.3206E+00
  0.2548E+00  0.3224E+00
  0.2537E+00  0.3243E+00
  0.2527E+00  0.3261E+00
  0.2516E+00  0.3279E+00
  0.2506E+00  0.3297E+00
  0.2495E+00  0.3316E+00
  0.2484E+00  0.3334E+00
  0.2474E+00  0.3352E+00
  0.2463E+00  0.3369E+00
  0.2452E+00  0.3387E+00
  0.2441E+00  0.3405E+00
  0.2430E+00  0.3423E+00
  0.2419E+00  0.3440E+00
  0.2408E+00  0.3458E+00
  0.2397E+00  0.3475E+00
  0.2385E+00  0.3492E+00
  0.2374E+00  0.3510E+00
  0.2363E+00  0.3527E+00
  0.2351E+00  0.3544E+00
  0.2340E+00  0.3561E+00
  0.2328E+00  0.3578E+00
  0.2317E+00  0.3595E+00
  0.2305E+00  0.3612E+00
  0.2294E+00  0.3628E+00
  0.2282E+00  0.3645E+00
  0.2270E+00  0.3661E+00
  0.2258E+00  0.3678E+00
  0.2246E+00  0.3694E+00
  0.2234E+00  0.3710E+00
  0.2223E+00  0.3726E+00
  0.2210E+00  0.3742E+00
  0.2198E+00  0.3758E+00
  0.2186E+00  0.3774E+00
  0.2174E+00  0.3790E+00
  0.2162E+00  0.3806E+00
  0.2150E+00  0.3821E+00
  0.2137E+00  0.3837E+00
  0.2125E+00  0.3852E+00
  0.2112E+00  0.3868E+00
  0.2100E+00  0.3883E+00
  0.2087E+00  0.3898E+00
  0.2075E+00  0.3913E+00
  0.2062E+00  0.3928E+00
  0.2049E+00  0.3943E+00
  0.2037E+00  0.3958E+00
  0.2024E+00  0.3973E+00
  0.2011E+00  0.3987E+00
  0.1998E+00  0.4002E+00
  0.1985E+00  0.4016E+00
  0.1972E+00  0.4031E+00
  0.1959E+00  0.4045E+00
  0.1946E+00  0.4059E+00
  0.1933E+00  0.4073E+00
  0.1920E+00  0.4087E+00
  0.1907E+00  0.4101E+00
  0.1894E+00  0.4115E+00
  0.1880E+00  0.4129E+00
  0.1867E+00  0.4142E+00
  0.1854E+00  0.4156E+00
  0.1840E+00  0.4169E+00
  0.1827E+00  0.4182E+00
  0.1813E+00  0.4195E+00
  0.1800E+00  0.4209E+00
  0.1786E+00  0.4222E+00
  0.1773E+00  0.4234E+00
  0.1759E+00  0.4247E+00
  0.1745E+00  0.4260E+00
  0.1731E+00  0.4273E+00
  0.1718E+00  0.4285E+00
  0.1704E+00  0.4297E+00
  0.1690E+00  0.4310E+00
  0.1676E+00  0.4322E+00
  0.1662E+00  0.4334E+00
  0.1648E+00  0.4346E+00
  0.1634E+00  0.4358E+00
  0.1620E+00  0.4370E+00
  0.1606E+00  0.4381E+00
  0.1592E+00  0.4393E+00
  0.1578E+00  0.4405E+00
  0.1563E+00  0.4416E+00
  0.1549E+00  0.4427E+00
  0.1535E+00  0.4438E+00
  0.1521E+00  0.4449E+00
  0.1506E+00  0.4460E+00
  0.1492E+00  0.4471E+00
  0.1477E+00  0.4482E+00
  0.1463E+00  0.4493E+00
  0.1448E+00  0.4503E+00
  0.1434E+00  0.4514E+00
  0.1419E+00  0.4524E+00
  0.1405E+00  0.4534E+00
  0.1390E+00  0.4544E+00
  0.1375E+00  0.4554E+00
  0.1361E+00  0.4564E+00
  0.1346E+00  0.4574E+00
  0.1331E+00  0.4584E+00
  0.1317E+00  0.4593E+00
  0.1302E+00  0.4603E+00
  0.1287E+00  0.4612E+00
  0.1272E+00  0.4622E+00
  0.1257E+00  0.4631E+00
  0.1242E+00  0.4640E+00
  0.1227E+00  0.4649E+00
  0.1212E+00  0.4658E+00
  0.1197E+00  0.4666E+00
  0.1182E+00  0.4675E+00
  0.1167E+00  0.4684E+00
  0.1152E+00  0.4692E+00
  0.1137E+00  0.4700E+00
  0.1122E+00  0.4708E+00
  0.1106E+00  0.4716E+00
  0.1091E+00  0.4724E+00
  0.1076E+00  0.4732E+00
  0.1061E+00  0.4740E+00
  0.1045E+00  0.4748E+00
  0.1030E+00  0.4755E+00
  0.1015E+00  0.4763E+00
  0.9995E-01  0.4770E+00
  0.9841E-01  0.4777E+00
  0.9687E-01  0.4784E+00
  0.9533E-01  0.4791E+00
  0.9378E-01  0.4798E+00
  0.9224E-01  0.4805E+00
  0.9069E-01  0.4811E+00
  0.8913E-01  0.4818E+00
  0.8758E-01  0.4824E+00
  0.8603E-01  0.4831E+00
  0.8447E-01  0.4837E+00
  0.8291E-01  0.4843E+00
  0.8135E-01  0.4849E+00
  0.7978E-01  0.4855E+00
  0.7822E-01  0.4860E+00
  0.7665E-01  0.4866E+00
  0.7508E-01  0.4872E+00
  0.7351E-01  0.4877E+00
  0.7194E-01  0.4882E+00
  0.7037E-01  0.4887E+00
  0.6879E-01  0.4892E+00
  0.6721E-01  0.4897E+00
  0.6564E-01  0.4902E+00
  0.6406E-01  0.4907E+00
  0.6247E-01  0.4911E+00
  0.6089E-01  0.4916E+00
  0.5931E-01  0.4920E+00
  0.5772E-01  0.4924E+00
  0.5613E-01  0.4929E+00
  0.5454E-01  0.4933E+00
  0.5295E-01  0.4937E+00
  0.5136E-01  0.4940E+00
  0.4977E-01  0.4944E+00
  0.4818E-01  0.4948E+00
  0.4658E-01  0.4951E+00
  0.4499E-01  0.4954E+00
  0.4339E-01  0.4957E+00
  0.4179E-01  0.4961E+00
  0.4019E-01  0.4964E+00
  0.3859E-01  0.4966E+00
  0.3699E-01  0.4969E+00
  0.3539E-01  0.4972E+00
  0.3379E-01  0.4974E+00
  0.3219E-01  0.4977E+00
  0.3058E-01  0.4979E+00
  0.2898E-01  0.4981E+00
  0.2737E-01  0.4983E+00
  0.2577E-01  0.4985E+00
  0.2416E-01  0.4987E+00
  0.2255E-01  0.4989E+00
  0.2094E-01  0.4990E+00
  0.1934E-01  0.4992E+00
  0.1773E-01  0.4993E+00
  0.1612E-01  0.4994E+00
  0.1451E-01  0.4995E+00
  0.1290E-01  0.4996E+00
  0.1129E-01  0.4997E+00
  0.9680E-02  0.4998E+00
  0.8070E-02  0.4999E+00
  0.6459E-02  0.4999E+00
  0.4848E-02  0.4999E+00
  0.3237E-02  0.5000E+00
  0.1626E-02  0.5000E+00
  0.1544E-04  0.5000E+00
 -0.1596E-02  0.5000E+00
 -0.3207E-02  0.5000E+00
 -0.4817E-02  0.4999E+00
 -0.6428E-02  0.4999E+00
 -0.8039E-02  0.4999E+00
 -0.9649E-02  0.4998E+00
 -0.1126E-01  0.4997E+00
 -0.1287E-01  0.4996E+00
 -0.1448E-01  0.4995E+00
 -0.1609E-01  0.4994E+00
 -0.1770E-01  0.4993E+00
 -0.1931E-01  0.4992E+00
 -0.2091E-01  0.4990E+00
 -0.2252E-01  0.4989E+00
 -0.2413E-01  0.4987E+00
 -0.2574E-01  0.4985E+00
 -0.2734E-01  0.4983E+00
 -0.2895E-01  0.4981E+00
 -0.3055E-01  0.4979E+00
 -0.3215E-01  0.4977E+00
 -0.3376E-01  0.4974E+00
 -0.3536E-01  0.4972E+00
 -0.3696E-01  0.4969E+00
 -0.3856E-01  0.4966E+00
 -0.4016E-01  0.4964E+00
 -0.4176E-01  0.4961E+00
 -0.4336E-01  0.4958E+00
 -0.4496E-01  0.4954E+00
 -0.4655E-01  0.4951E+00
 -0.4815E-01  0.4948E+00
 -0.4974E-01  0.4944E+00
 -0.5133E-01  0.4940E+00
 -0.5292E-01  0.4937E+00
 -0.5451E-01  0.4933E+00
 -0.5610E-01  0.4929E+00
 -0.5769E-01  0.4925E+00
 -0.5928E-01  0.4920E+00
 -0.6086E-01  0.4916E+00
 -0.6244E-01  0.4911E+00
 -0.6403E-01  0.4907E+00
 -0.6561E-01  0.4902E+00
 -0.6718E-01  0.4897E+00
 -0.6876E-01  0.4892E+00
 -0.7034E-01  0.4887E+00
 -0.7191E-01  0.4882E+00
 -0.7348E-01  0.4877E+00
 -0.7505E-01  0.4872E+00
 -0.7662E-01  0.4866E+00
 -0.7819E-01  0.4860E+00
 -0.7975E-01  0.4855E+00
 -0.8132E-01  0.4849E+00
 -0.8288E-01  0.4843E+00
 -0.8444E-01  0.4837E+00
 -0.8600E-01  0.4831E+00
 -0.8755E-01  0.4824E+00
 -0.8911E-01  0.4818E+00
 -0.9066E-01  0.4812E+00
 -0.9221E-01  0.4805E+00
 -0.9375E-01  0.4798E+00
 -0.9530E-01  0.4791E+00
 -0.9684E-01  0.4784E+00
 -0.9838E-01  0.4777E+00
 -0.9992E-01  0.4770E+00
 -0.1015E+00  0.4763E+00
 -0.1030E+00  0.4755E+00
 -0.1045E+00  0.4748E+00
 -0.1060E+00  0.4740E+00
 -0.1076E+00  0.4732E+00
 -0.1091E+00  0.4725E+00
 -0.1106E+00  0.4717E+00
 -0.1121E+00  0.4709E+00
 -0.1137E+00  0.4700E+00
 -0.1152E+00  0.4692E+00
 -0.1167E+00  0.4684E+00
 -0.1182E+00  0.4675E+00
 -0.1197E+00  0.4667E+00
 -0.1212E+00  0.4658E+00
 -0.1227E+00  0.4649E+00
 -0.1242E+00  0.4640E+00
 -0.1257E+00  0.4631E+00
 -0.1272E+00  0.4622E+00
 -0.1287E+00  0.4613E+00
 -0.1301E+00  0.4603E+00
 -0.1316E+00  0.4594E+00
 -0.1331E+00  0.4584E+00
 -0.1346E+00  0.4574E+00
 -0.1361E+00  0.4565E+00
 -0.1375E+00  0.4555E+00
 -0.1390E+00  0.4545E+00
 -0.1404E+00  0.4534E+00
 -0.1419E+00  0.4524E+00
 -0.1434E+00  0.4514E+00
 -0.1448E+00  0.4503E+00
 -0.1463E+00  0.4493E+00
 -0.1477E+00  0.4482E+00
 -0.1492E+00  0.4472E+00
 -0.1506E+00  0.4461E+00
 -0.1520E+00  0.4450E+00
 -0.1535E+00  0.4439E+00
 -0.1549E+00  0.4427E+00
 -0.1563E+00  0.4416E+00
 -0.1577E+00  0.4405E+00
 -0.1592E+00  0.4393E+00
 -0.1606E+00  0.4382E+00
 -0.1620E+00  0.4370E+00
 -0.1634E+00  0.4358E+00
 -0.1648E+00  0.4346E+00
 -0.1662E+00  0.4334E+00
 -0.1676E+00  0.4322E+00
 -0.1690E+00  0.4310E+00
 -0.1704E+00  0.4298E+00
 -0.1717E+00  0.4285E+00
 -0.1731E+00  0.4273E+00
 -0.1745E+00  0.4260E+00
 -0.1759E+00  0.4248E+00
 -0.1772E+00  0.4235E+00
 -0.1786E+00  0.4222E+00
 -0.1799E+00  0.4209E+00
 -0.1813E+00  0.4196E+00
 -0.1827E+00  0.4183E+00
 -0.1840E+00  0.4169E+00
 -0.1853E+00  0.4156E+00
 -0.1867E+00  0.4142E+00
 -0.1880E+00  0.4129E+00
 -0.1893E+00  0.4115E+00
 -0.1907E+00  0.4101E+00
 -0.1920E+00  0.4087E+00
 -0.1933E+00  0.4073E+00
 -0.1946E+00  0.4059E+00
 -0.1959E+00  0.4045E+00
 -0.1972E+00  0.4031E+00
 -0.1985E+00  0.4017E+00
 -0.1998E+00  0.4002E+00
 -0.2011E+00  0.3988E+00
 -0.2024E+00  0.3973E+00
 -0.2036E+00  0.3958E+00
 -0.2049E+00  0.3944E+00
 -0.2062E+00  0.3929E+00
 -0.2075E+00  0.3914E+00
 -0.2087E+00  0.3899E+00
 -0.2100E+00  0.3883E+00
 -0.2112E+00  0.3868E+00
 -0.2125E+00  0.3853E+00
 -0.2137E+00  0.3837E+00
 -0.2149E+00  0.3822E+00
 -0.2162E+00  0.3806E+00
 -0.2174E+00  0.3790E+00
 -0.2186E+00  0.3775E+00
 -0.2198E+00  0.3759E+00
 -0.2210E+00  0.3743E+00
 -0.2222E+00  0.3727E+00
 -0.2234E+00  0.3711E+00
 -0.2246E+00  0.3694E+00
 -0.2258E+00  0.3678E+00
 -0.2270E+00  0.3662E+00
 -0.2282E+00  0.3645E+00
 -0.2293E+00  0.3628E+00
 -0.2305E+00  0.3612E+00
 -0.2317E+00  0.3595E+00
 -0.2328E+00  0.3578E+00
 -0.2340E+00  0.3561E+00
 -0.2351E+00  0.3544E+00
 -0.2363E+00  0.3527E+00
 -0.2374E+00  0.3510E+00
 -0.2385E+00  0.3493E+00
 -0.2396E+00  0.3475E+00
 -0.2408E+00  0.3458E+00
 -0.2419E+00  0.3441E+00
 -0.2430E+00  0.3423E+00
 -0.2441E+00  0.3405E+00
 -0.2452E+00  0.3388E+00
 -0.2463E+00  0.3370E+00
 -0.2473E+00  0.3352E+00
 -0.2484E+00  0.3334E+00
 -0.2495E+00  0.3316E+00
 -0.2506E+00  0.3298E+00
 -0.2516E+00  0.3280E+00
 -0.2527E+00  0.3261E+00
 -0.2537E+00  0.3243E+00
 -0.2548E+00  0.3224E+00
 -0.2558E+00  0.3206E+00
 -0.2568E+00  0.3187E+00
 -0.2578E+00  0.3169E+00
 -0.2589E+00  0.3150E+00
 -0.2599E+00  0.3131E+00
 -0.2609E+00  0.3112E+00
 -0.2619E+00  0.3093E+00
 -0.2629E+00  0.3074E+00
 -0.2639E+00  0.3055E+00
 -0.2648E+00  0.3036E+00
 -0.2658E+00  0.3017E+00
 -0.2668E+00  0.2998E+00
 -0.2678E+00  0.2978E+00
 -0.2687E+00  0.2959E+00
 -0.2697E+00  0.2939E+00
 -0.2706E+00  0.2920E+00
 -0.2715E+00  0.2900E+00
 -0.2725E+00  0.2880E+00
 -0.2734E+00  0.2860E+00
 -0.2743E+00  0.2841E+00
 -0.2752E+00  0.2821E+00
 -0.2761E+00  0.2801E+00
 -0.2770E+00  0.2781E+00
 -0.2779E+00  0.2761E+00
 -0.2788E+00  0.2740E+00
 -0.2797E+00  0.2720E+00
 -0.2806E+00  0.2700E+00
 -0.2814E+00  0.2679E+00
 -0.2823E+00  0.2659E+00
 -0.2831E+00  0.2639E+00
 -0.2840E+00  0.2618E+00
 -0.2848E+00  0.2597E+00
 -0.2857E+00  0.2577E+00
 -0.2865E+00  0.2556E+00
 -0.2873E+00  0.2535E+00
 -0.2881E+00  0.2514E+00
 -0.2889E+00  0.2493E+00
 -0.2897E+00  0.2472E+00
 -0.2905E+00  0.2451E+00
 -0.2913E+00  0.2430E+00
 -0.2921E+00  0.2409E+00
 -0.2929E+00  0.2388E+00
 -0.2936E+00  0.2367E+00
 -0.2944E+00  0.2345E+00
 -0.2951E+00  0.2324E+00
 -0.2959E+00  0.2303E+00
 -0.2966E+00  0.2281E+00
 -0.2974E+00  0.2260E+00
 -0.2981E+00  0.2238E+00
 -0.2988E+00  0.2216E+00
 -0.2995E+00  0.2195E+00
 -0.3002E+00  0.2173E+00
 -0.3009E+00  0.2151E+00
 -0.3016E+00  0.2129E+00
 -0.3023E+00  0.2107E+00
 -0.3030E+00  0.2085E+00
 -0.3036E+00  0.2063E+00
 -0.3043E+00  0.2041E+00
 -0.3049E+00  0.2019E+00
 -0.3056E+00  0.1997E+00
 -0.3062E+00  0.1975E+00
 -0.3069E+00  0.1953E+00
 -0.3075E+00  0.1931E+00
 -0.3081E+00  0.1908E+00
 -0.3087E+00  0.1886E+00
 -0.3093E+00  0.1863E+00
 -0.3099E+00  0.1841E+00
 -0.3105E+00  0.1819E+00
 -0.3111E+00  0.1796E+00
 -0.3117E+00  0.1773E+00
 -0.3122E+00  0.1751E+00
 -0.3128E+00  0.1728E+00
 -0.3133E+00  0.1705E+00
 -0.3139E+00  0.1683E+00
 -0.3144E+00  0.1660E+00
 -0.3150E+00  0.1637E+00
 -0.3155E+00  0.1614E+00
 -0.3160E+00  0.1591E+00
 -0.3165E+00  0.1568E+00
 -0.3170E+00  0.1545E+00
 -0.3175E+00  0.1522E+00
 -0.3180E+00  0.1499E+00
 -0.3185E+00  0.1476E+00
 -0.3189E+00  0.1453E+00
 -0.3194E+00  0.1430E+00
 -0.3199E+00  0.1407E+00
 -0.3203E+00  0.1384E+00
 -0.3208E+00  0.1361E+00
 -0.3212E+00  0.1337E+00
 -0.3216E+00  0.1314E+00
 -0.3220E+00  0.1291E+00
 -0.3224E+00  0.1267E+00
 -0.3229E+00  0.1244E+00
 -0.3233E+00  0.1220E+00
 -0.3236E+00  0.1197E+00
 -0.3240E+00  0.1174E+00
 -0.3244E+00  0.1150E+00
 -0.3248E+00  0.1126E+00
 -0.3251E+00  0.1103E+00
 -0.3255E+00  0.1079E+00
 -0.3258E+00  0.1056E+00
 -0.3262E+00  0.1032E+00
 -0.3265E+00  0.1008E+00
 -0.3268E+00  0.9848E-01
 -0.3271E+00  0.9611E-01
 -0.3274E+00  0.9373E-01
 -0.3277E+00  0.9136E-01
 -0.3280E+00  0.8898E-01
 -0.3283E+00  0.8660E-01
 -0.3286E+00  0.8422E-01
 -0.3288E+00  0.8184E-01
 -0.3291E+00  0.7945E-01
 -0.3293E+00  0.7707E-01
 -0.3296E+00  0.7468E-01
 -0.3298E+00  0.7229E-01
 -0.3301E+00  0.6990E-01
 -0.3303E+00  0.6750E-01
 -0.3305E+00  0.6511E-01
 -0.3307E+00  0.6271E-01
 -0.3309E+00  0.6031E-01
 -0.3311E+00  0.5791E-01
 -0.3313E+00  0.5551E-01
 -0.3314E+00  0.5311E-01
 -0.3316E+00  0.5071E-01
 -0.3318E+00  0.4830E-01
 -0.3319E+00  0.4590E-01
 -0.3321E+00  0.4349E-01
 -0.3322E+00  0.4108E-01
 -0.3323E+00  0.3867E-01
 -0.3325E+00  0.3626E-01
 -0.3326E+00  0.3385E-01
 -0.3327E+00  0.3144E-01
 -0.3328E+00  0.2903E-01
 -0.3329E+00  0.2662E-01
 -0.3329E+00  0.2420E-01
 -0.3330E+00  0.2179E-01
 -0.3331E+00  0.1937E-01
 -0.3331E+00  0.1696E-01
 -0.3332E+00  0.1454E-01
 -0.3332E+00  0.1213E-01
 -0.3333E+00  0.9712E-02
 -0.3333E+00  0.7296E-02
 -0.3333E+00  0.4879E-02
 -0.3333E+00  0.2463E-02
 -0.3333E+00  0.4633E-04
 -0.3333E+00 -0.2370E-02
 -0.3333E+00 -0.4787E-02
 -0.3333E+00 -0.7203E-02
 -0.3333E+00 -0.9619E-02
 -0.3332E+00 -0.1204E-01
 -0.3332E+00 -0.1445E-01
 -0.3331E+00 -0.1687E-01
 -0.3331E+00 -0.1928E-01
 -0.3330E+00 -0.2170E-01
 -0.3329E+00 -0.2411E-01
 -0.3329E+00 -0.2652E-01
 -0.3328E+00 -0.2894E-01
 -0.3327E+00 -0.3135E-01
 -0.3326E+00 -0.3376E-01
 -0.3325E+00 -0.3617E-01
 -0.3323E+00 -0.3858E-01
 -0.3322E+00 -0.4099E-01
 -0.3321E+00 -0.4340E-01
 -0.3319E+00 -0.4580E-01
 -0.3318E+00 -0.4821E-01
 -0.3316E+00 -0.5061E-01
 -0.3315E+00 -0.5302E-01
 -0.3313E+00 -0.5542E-01
 -0.3311E+00 -0.5782E-01
 -0.3309E+00 -0.6022E-01
 -0.3307E+00 -0.6262E-01
 -0.3305E+00 -0.6502E-01
 -0.3303E+00 -0.6741E-01
 -0.3301E+00 -0.6980E-01
 -0.3298E+00 -0.7220E-01
 -0.3296E+00 -0.7459E-01
 -0.3294E+00 -0.7698E-01
 -0.3291E+00 -0.7936E-01
 -0.3288E+00 -0.8175E-01
 -0.3286E+00 -0.8413E-01
 -0.3283E+00 -0.8651E-01
 -0.3280E+00 -0.8889E-01
 -0.3277E+00 -0.9127E-01
 -0.3274E+00 -0.9364E-01
 -0.3271E+00 -0.9602E-01
 -0.3268E+00 -0.9839E-01
 -0.3265E+00 -0.1008E+00
 -0.3262E+00 -0.1031E+00
 -0.3258E+00 -0.1055E+00
 -0.3255E+00 -0.1078E+00
 -0.3251E+00 -0.1102E+00
 -0.3248E+00 -0.1126E+00
 -0.3244E+00 -0.1149E+00
 -0.3240E+00 -0.1173E+00
 -0.3237E+00 -0.1196E+00
 -0.3233E+00 -0.1220E+00
 -0.3229E+00 -0.1243E+00
 -0.3225E+00 -0.1266E+00
 -0.3221E+00 -0.1290E+00
 -0.3216E+00 -0.1313E+00
 -0.3212E+00 -0.1336E+00
 -0.3208E+00 -0.1360E+00
 -0.3203E+00 -0.1383E+00
 -0.3199E+00 -0.1406E+00
 -0.3194E+00 -0.1429E+00
 -0.3190E+00 -0.1452E+00
 -0.3185E+00 -0.1475E+00
 -0.3180E+00 -0.1499E+00
 -0.3175E+00 -0.1522E+00
 -0.3170E+00 -0.1545E+00
 -0.3165E+00 -0.1568E+00
 -0.3160E+00 -0.1590E+00
 -0.3155E+00 -0.1613E+00
 -0.3150E+00 -0.1636E+00
 -0.3144E+00 -0.1659E+00
 -0.3139E+00 -0.1682E+00
 -0.3134E+00 -0.1705E+00
 -0.3128E+00 -0.1727E+00
 -0.3123E+00 -0.1750E+00
 -0.3117E+00 -0.1773E+00
 -0.3111E+00 -0.1795E+00
 -0.3105E+00 -0.1818E+00
 -0.3099E+00 -0.1840E+00
 -0.3093E+00 -0.1863E+00
 -0.3087E+00 -0.1885E+00
 -0.3081E+00 -0.1907E+00
 -0.3075E+00 -0.1930E+00
 -0.3069E+00 -0.1952E+00
 -0.3063E+00 -0.1974E+00
 -0.3056E+00 -0.1996E+00
 -0.3050E+00 -0.2018E+00
 -0.3043E+00 -0.2041E+00
 -0.3036E+00 -0.2063E+00
 -0.3030E+00 -0.2085E+00
 -0.3023E+00 -0.2107E+00
 -0.3016E+00 -0.2128E+00
 -0.3009E+00 -0.2150E+00
 -0.3002E+00 -0.2172E+00
 -0.2995E+00 -0.2194E+00
 -0.2988E+00 -0.2215E+00
 -0.2981E+00 -0.2237E+00
 -0.2974E+00 -0.2259E+00
 -0.2967E+00 -0.2280E+00
 -0.2959E+00 -0.2302E+00
 -0.2952E+00 -0.2323E+00
 -0.2944E+00 -0.2345E+00
 -0.2937E+00 -0.2366E+00
 -0.2929E+00 -0.2387E+00
 -0.2921E+00 -0.2408E+00
 -0.2913E+00 -0.2429E+00
 -0.2906E+00 -0.2451E+00
 -0.2898E+00 -0.2472E+00
 -0.2890E+00 -0.2493E+00
 -0.2882E+00 -0.2513E+00
 -0.2873E+00 -0.2534E+00
 -0.2865E+00 -0.2555E+00
 -0.2857E+00 -0.2576E+00
 -0.2849E+00 -0.2597E+00
 -0.2840E+00 -0.2617E+00
 -0.2832E+00 -0.2638E+00
 -0.2823E+00 -0.2658E+00
 -0.2815E+00 -0.2679E+00
 -0.2806E+00 -0.2699E+00
 -0.2797E+00 -0.2719E+00
 -0.2788E+00 -0.2740E+00
 -0.2780E+00 -0.2760E+00
 -0.2771E+00 -0.2780E+00
 -0.2762E+00 -0.2800E+00
 -0.2753E+00 -0.2820E+00
 -0.2743E+00 -0.2840E+00
 -0.2734E+00 -0.2860E+00
 -0.2725E+00 -0.2880E+00
 -0.2716E+00 -0.2899E+00
 -0.2706E+00 -0.2919E+00
 -0.2697E+00 -0.2938E+00
 -0.2687E+00 -0.2958E+00
 -0.2678E+00 -0.2977E+00
 -0.2668E+00 -0.2997E+00
 -0.2659E+00 -0.3016E+00
 -0.2649E+00 -0.3035E+00
 -0.2639E+00 -0.3055E+00
 -0.2629E+00 -0.3074E+00
 -0.2619E+00 -0.3093E+00
 -0.2609E+00 -0.3112E+00
 -0.2599E+00 -0.3130E+00
 -0.2589E+00 -0.3149E+00
 -0.2579E+00 -0.3168E+00
 -0.2569E+00 -0.3187E+00
 -0.2558E+00 -0.3205E+00
 -0.2548E+00 -0.3224E+00
 -0.2538E+00 -0.3242E+00
 -0.2527E+00 -0.3261E+00
 -0.2517E+00 -0.3279E+00
 -0.2506E+00 -0.3297E+00
 -0.2495E+00 -0.3315E+00
 -0.2485E+00 -0.3333E+00
 -0.2474E+00 -0.3351E+00
 -0.2463E+00 -0.3369E+00
 -0.2452E+00 -0.3387E+00
 -0.2441E+00 -0.3405E+00
 -0.2430E+00 -0.3422E+00
 -0.2419E+00 -0.3440E+00
 -0.2408E+00 -0.3457E+00
 -0.2397E+00 -0.3475E+00
 -0.2386E+00 -0.3492E+00
 -0.2374E+00 -0.3509E+00
 -0.2363E+00 -0.3527E+00
 -0.2352E+00 -0.3544E+00
 -0.2340E+00 -0.3561E+00
 -0.2329E+00 -0.3578E+00
 -0.2317E+00 -0.3594E+00
 -0.2305E+00 -0.3611E+00
 -0.2294E+00 -0.3628E+00
 -0.2282E+00 -0.3644E+00
 -0.2270E+00 -0.3661E+00
 -0.2259E+00 -0.3677E+00
 -0.2247E+00 -0.3694E+00
 -0.2235E+00 -0.3710E+00
 -0.2223E+00 -0.3726E+00
 -0.2211E+00 -0.3742E+00
 -0.2199E+00 -0.3758E+00
 -0.2186E+00 -0.3774E+00
 -0.2174E+00 -0.3790E+00
 -0.2162E+00 -0.3806E+00
 -0.2150E+00 -0.3821E+00
 -0.2137E+00 -0.3837E+00
 -0.2125E+00 -0.3852E+00
 -0.2113E+00 -0.3868E+00
 -0.2100E+00 -0.3883E+00
 -0.2088E+00 -0.3898E+00
 -0.2075E+00 -0.3913E+00
 -0.2062E+00 -0.3928E+00
 -0.2050E+00 -0.3943E+00
 -0.2037E+00 -0.3958E+00
 -0.2024E+00 -0.3973E+00
 -0.2011E+00 -0.3987E+00
 -0.1998E+00 -0.4002E+00
 -0.1986E+00 -0.4016E+00
 -0.1973E+00 -0.4030E+00
 -0.1960E+00 -0.4045E+00
 -0.1947E+00 -0.4059E+00
 -0.1933E+00 -0.4073E+00
 -0.1920E+00 -0.4087E+00
 -0.1907E+00 -0.4101E+00
 -0.1894E+00 -0.4115E+00
 -0.1881E+00 -0.4128E+00
 -0.1867E+00 -0.4142E+00
 -0.1854E+00 -0.4155E+00
 -0.1841E+00 -0.4169E+00
 -0.1827E+00 -0.4182E+00
 -0.1814E+00 -0.4195E+00
 -0.1800E+00 -0.4208E+00
 -0.1786E+00 -0.4221E+00
 -0.1773E+00 -0.4234E+00
 -0.1759E+00 -0.4247E+00
 -0.1745E+00 -0.4260E+00
 -0.1732E+00 -0.4272E+00
 -0.1718E+00 -0.4285E+00
 -0.1704E+00 -0.4297E+00
 -0.1690E+00 -0.4310E+00
 -0.1676E+00 -0.4322E+00
 -0.1662E+00 -0.4334E+00
 -0.1648E+00 -0.4346E+00
 -0.1634E+00 -0.4358E+00
 -0.1620E+00 -0.4370E+00
 -0.1606E+00 -0.4381E+00
 -0.1592E+00 -0.4393E+00
 -0.1578E+00 -0.4404E+00
 -0.1564E+00 -0.4416E+00
 -0.1549E+00 -0.4427E+00
 -0.1535E+00 -0.4438E+00
 -0.1521E+00 -0.4449E+00
 -0.1506E+00 -0.4460E+00
 -0.1492E+00 -0.4471E+00
 -0.1478E+00 -0.4482E+00
 -0.1463E+00 -0.4493E+00
 -0.1449E+00 -0.4503E+00
 -0.1434E+00 -0.4514E+00
 -0.1420E+00 -0.4524E+00
 -0.1405E+00 -0.4534E+00
 -0.1390E+00 -0.4544E+00
 -0.1376E+00 -0.4554E+00
 -0.1361E+00 -0.4564E+00
 -0.1346E+00 -0.4574E+00
 -0.1332E+00 -0.4584E+00
 -0.1317E+00 -0.4593E+00
 -0.1302E+00 -0.4603E+00
 -0.1287E+00 -0.4612E+00
 -0.1272E+00 -0.4621E+00
 -0.1257E+00 -0.4631E+00
 -0.1242E+00 -0.4640E+00
 -0.1227E+00 -0.4649E+00
 -0.1212E+00 -0.4657E+00
 -0.1197E+00 -0.4666E+00
 -0.1182E+00 -0.4675E+00
 -0.1167E+00 -0.4683E+00
 -0.1152E+00 -0.4692E+00
 -0.1137E+00 -0.4700E+00
 -0.1122E+00 -0.4708E+00
 -0.1107E+00 -0.4716E+00
 -0.1092E+00 -0.4724E+00
 -0.1076E+00 -0.4732E+00
 -0.1061E+00 -0.4740E+00
 -0.1046E+00 -0.4748E+00
 -0.1030E+00 -0.4755E+00
 -0.1015E+00 -0.4762E+00
 -0.9998E-01 -0.4770E+00
 -0.9844E-01 -0.4777E+00
 -0.9690E-01 -0.4784E+00
 -0.9536E-01 -0.4791E+00
 -0.9381E-01 -0.4798E+00
 -0.9227E-01 -0.4805E+00
 -0.9072E-01 -0.4811E+00
 -0.8916E-01 -0.4818E+00
 -0.8761E-01 -0.4824E+00
 -0.8606E-01 -0.4831E+00
 -0.8450E-01 -0.4837E+00
 -0.8294E-01 -0.4843E+00
 -0.8138E-01 -0.4849E+00
 -0.7981E-01 -0.4855E+00
 -0.7825E-01 -0.4860E+00
 -0.7668E-01 -0.4866E+00
 -0.7511E-01 -0.4871E+00
 -0.7354E-01 -0.4877E+00
 -0.7197E-01 -0.4882E+00
 -0.7040E-01 -0.4887E+00
 -0.6882E-01 -0.4892E+00
 -0.6724E-01 -0.4897E+00
 -0.6567E-01 -0.4902E+00
 -0.6409E-01 -0.4907E+00
 -0.6250E-01 -0.4911E+00
 -0.6092E-01 -0.4916E+00
 -0.5934E-01 -0.4920E+00
 -0.5775E-01 -0.4924E+00
 -0.5616E-01 -0.4929E+00
 -0.5457E-01 -0.4933E+00
 -0.5298E-01 -0.4936E+00
 -0.5139E-01 -0.4940E+00
 -0.4980E-01 -0.4944E+00
 -0.4821E-01 -0.4947E+00
 -0.4661E-01 -0.4951E+00
 -0.4502E-01 -0.4954E+00
 -0.4342E-01 -0.4957E+00
 -0.4182E-01 -0.4960E+00
 -0.4022E-01 -0.4963E+00
 -0.3862E-01 -0.4966E+00
 -0.3702E-01 -0.4969E+00
 -0.3542E-01 -0.4972E+00
 -0.3382E-01 -0.4974E+00
 -0.3222E-01 -0.4977E+00
 -0.3061E-01 -0.4979E+00
 -0.2901E-01 -0.4981E+00
 -0.2740E-01 -0.4983E+00
 -0.2580E-01 -0.4985E+00
 -0.2419E-01 -0.4987E+00
 -0.2258E-01 -0.4989E+00
 -0.2098E-01 -0.4990E+00
 -0.1937E-01 -0.4992E+00
 -0.1776E-01 -0.4993E+00
 -0.1615E-01 -0.4994E+00
 -0.1454E-01 -0.4995E+00
 -0.1293E-01 -0.4996E+00
 -0.1132E-01 -0.4997E+00
 -0.9711E-02 -0.4998E+00
 -0.8101E-02 -0.4999E+00
 -0.6490E-02 -0.4999E+00
 -0.4879E-02 -0.4999E+00
 -0.3268E-02 -0.5000E+00
 -0.1657E-02 -0.5000E+00
 -0.4633E-04 -0.5000E+00
  0.1565E-02 -0.5000E+00
  0.3176E-02 -0.5000E+00
  0.4787E-02 -0.4999E+00
  0.6397E-02 -0.4999E+00
  0.8008E-02 -0.4999E+00
  0.9618E-02 -0.4998E+00
  0.1123E-01 -0.4997E+00
  0.1284E-01 -0.4996E+00
  0.1445E-01 -0.4995E+00
  0.1606E-01 -0.4994E+00
  0.1767E-01 -0.4993E+00
  0.1928E-01 -0.4992E+00
  0.2088E-01 -0.4990E+00
  0.2249E-01 -0.4989E+00
  0.2410E-01 -0.4987E+00
  0.2570E-01 -0.4985E+00
  0.2731E-01 -0.4983E+00
  0.2892E-01 -0.4981E+00
  0.3052E-01 -0.4979E+00
  0.3212E-01 -0.4977E+00
  0.3373E-01 -0.4974E+00
  0.3533E-01 -0.4972E+00
  0.3693E-01 -0.4969E+00
  0.3853E-01 -0.4966E+00
  0.4013E-01 -0.4964E+00
  0.4173E-01 -0.4961E+00
  0.4333E-01 -0.4958E+00
  0.4493E-01 -0.4954E+00
  0.4652E-01 -0.4951E+00
  0.4812E-01 -0.4948E+00
  0.4971E-01 -0.4944E+00
  0.5130E-01 -0.4940E+00
  0.5289E-01 -0.4937E+00
  0.5448E-01 -0.4933E+00
  0.5607E-01 -0.4929E+00
  0.5766E-01 -0.4925E+00
  0.5925E-01 -0.4920E+00
  0.6083E-01 -0.4916E+00
  0.6241E-01 -0.4912E+00
  0.6399E-01 -0.4907E+00
  0.6558E-01 -0.4902E+00
  0.6715E-01 -0.4897E+00
  0.6873E-01 -0.4893E+00
  0.7031E-01 -0.4888E+00
  0.7188E-01 -0.4882E+00
  0.7345E-01 -0.4877E+00
  0.7502E-01 -0.4872E+00
  0.7659E-01 -0.4866E+00
  0.7816E-01 -0.4861E+00
  0.7972E-01 -0.4855E+00
  0.8129E-01 -0.4849E+00
  0.8285E-01 -0.4843E+00
  0.8441E-01 -0.4837E+00
  0.8597E-01 -0.4831E+00
  0.8752E-01 -0.4825E+00
  0.8908E-01 -0.4818E+00
  0.9063E-01 -0.4812E+00
  0.9218E-01 -0.4805E+00
  0.9372E-01 -0.4798E+00
  0.9527E-01 -0.4791E+00
  0.9681E-01 -0.4784E+00
  0.9835E-01 -0.4777E+00
  0.9989E-01 -0.4770E+00
  0.1014E+00 -0.4763E+00
  0.1030E+00 -0.4756E+00
  0.1045E+00 -0.4748E+00
  0.1060E+00 -0.4740E+00
  0.1075E+00 -0.4733E+00
  0.1091E+00 -0.4725E+00
  0.1106E+00 -0.4717E+00
  0.1121E+00 -0.4709E+00
  0.1136E+00 -0.4701E+00
  0.1151E+00 -0.4692E+00
  0.1166E+00 -0.4684E+00
  0.1182E+00 -0.4675E+00
  0.1197E+00 -0.4667E+00
  0.1212E+00 -0.4658E+00
  0.1227E+00 -0.4649E+00
  0.1242E+00 -0.4640E+00
  0.1257E+00 -0.4631E+00
  0.1271E+00 -0.4622E+00
  0.1286E+00 -0.4613E+00
  0.1301E+00 -0.4603E+00
  0.1316E+00 -0.4594E+00
  0.1331E+00 -0.4584E+00
  0.1346E+00 -0.4575E+00
  0.1360E+00 -0.4565E+00
  0.1375E+00 -0.4555E+00
  0.1390E+00 -0.4545E+00
  0.1404E+00 -0.4535E+00
  0.1419E+00 -0.4524E+00
  0.1433E+00 -0.4514E+00
  0.1448E+00 -0.4504E+00
  0.1462E+00 -0.4493E+00
  0.1477E+00 -0.4482E+00
  0.1491E+00 -0.4472E+00
  0.1506E+00 -0.4461E+00
  0.1520E+00 -0.4450E+00
  0.1534E+00 -0.4439E+00
  0.1549E+00 -0.4428E+00
  0.1563E+00 -0.4416E+00
  0.1577E+00 -0.4405E+00
  0.1591E+00 -0.4393E+00
  0.1605E+00 -0.4382E+00
  0.1619E+00 -0.4370E+00
  0.1634E+00 -0.4358E+00
  0.1648E+00 -0.4347E+00
  0.1662E+00 -0.4335E+00
  0.1676E+00 -0.4322E+00
  0.1689E+00 -0.4310E+00
  0.1703E+00 -0.4298E+00
  0.1717E+00 -0.4286E+00
  0.1731E+00 -0.4273E+00
  0.1745E+00 -0.4260E+00
  0.1758E+00 -0.4248E+00
  0.1772E+00 -0.4235E+00
  0.1786E+00 -0.4222E+00
  0.1799E+00 -0.4209E+00
  0.1813E+00 -0.4196E+00
  0.1826E+00 -0.4183E+00
  0.1840E+00 -0.4169E+00
  0.1853E+00 -0.4156E+00
  0.1867E+00 -0.4143E+00
  0.1880E+00 -0.4129E+00
  0.1893E+00 -0.4115E+00
  0.1906E+00 -0.4102E+00
  0.1920E+00 -0.4088E+00
  0.1933E+00 -0.4074E+00
  0.1946E+00 -0.4060E+00
  0.1959E+00 -0.4046E+00
  0.1972E+00 -0.4031E+00
  0.1985E+00 -0.4017E+00
  0.1998E+00 -0.4003E+00
  0.2011E+00 -0.3988E+00
  0.2023E+00 -0.3973E+00
  0.2036E+00 -0.3959E+00
  0.2049E+00 -0.3944E+00
  0.2062E+00 -0.3929E+00
  0.2074E+00 -0.3914E+00
  0.2087E+00 -0.3899E+00
  0.2099E+00 -0.3884E+00
  0.2112E+00 -0.3868E+00
  0.2124E+00 -0.3853E+00
  0.2137E+00 -0.3838E+00
  0.2149E+00 -0.3822E+00
  0.2161E+00 -0.3806E+00
  0.2174E+00 -0.3791E+00
  0.2186E+00 -0.3775E+00
  0.2198E+00 -0.3759E+00
  0.2210E+00 -0.3743E+00
  0.2222E+00 -0.3727E+00
  0.2234E+00 -0.3711E+00
  0.2246E+00 -0.3695E+00
  0.2258E+00 -0.3678E+00
  0.2270E+00 -0.3662E+00
  0.2281E+00 -0.3645E+00
  0.2293E+00 -0.3629E+00
  0.2305E+00 -0.3612E+00
  0.2316E+00 -0.3595E+00
  0.2328E+00 -0.3579E+00
  0.2339E+00 -0.3562E+00
  0.2351E+00 -0.3545E+00
  0.2362E+00 -0.3528E+00
  0.2374E+00 -0.3510E+00
  0.2385E+00 -0.3493E+00
  0.2396E+00 -0.3476E+00
  0.2407E+00 -0.3458E+00
  0.2418E+00 -0.3441E+00
  0.2430E+00 -0.3423E+00
  0.2441E+00 -0.3406E+00
  0.2451E+00 -0.3388E+00
  0.2462E+00 -0.3370E+00
  0.2473E+00 -0.3352E+00
  0.2484E+00 -0.3334E+00
  0.2495E+00 -0.3316E+00
  0.2505E+00 -0.3298E+00
  0.2516E+00 -0.3280E+00
  0.2526E+00 -0.3262E+00
  0.2537E+00 -0.3243E+00
  0.2547E+00 -0.3225E+00
  0.2558E+00 -0.3206E+00
  0.2568E+00 -0.3188E+00
  0.2578E+00 -0.3169E+00
  0.2588E+00 -0.3150E+00
  0.2599E+00 -0.3132E+00
  0.2609E+00 -0.3113E+00
  0.2619E+00 -0.3094E+00
  0.2629E+00 -0.3075E+00
  0.2638E+00 -0.3056E+00
  0.2648E+00 -0.3036E+00
  0.2658E+00 -0.3017E+00
  0.2668E+00 -0.2998E+00
  0.2677E+00 -0.2979E+00
  0.2687E+00 -0.2959E+00
  0.2696E+00 -0.2940E+00
  0.2706E+00 -0.2920E+00
  0.2715E+00 -0.2900E+00
  0.2725E+00 -0.2881E+00
  0.2734E+00 -0.2861E+00
  0.2743E+00 -0.2841E+00
  0.2752E+00 -0.2821E+00
  0.2761E+00 -0.2801E+00
  0.2770E+00 -0.2781E+00
  0.2779E+00 -0.2761E+00
  0.2788E+00 -0.2741E+00
  0.2797E+00 -0.2721E+00
  0.2805E+00 -0.2700E+00
  0.2814E+00 -0.2680E+00
  0.2823E+00 -0.2659E+00
  0.2831E+00 -0.2639E+00
  0.2840E+00 -0.2618E+00
  0.2848E+00 -0.2598E+00
  0.2856E+00 -0.2577E+00
  0.2865E+00 -0.2556E+00
  0.2873E+00 -0.2536E+00
  0.2881E+00 -0.2515E+00
  0.2889E+00 -0.2494E+00
  0.2897E+00 -0.2473E+00
  0.2905E+00 -0.2452E+00
  0.2913E+00 -0.2431E+00
  0.2921E+00 -0.2410E+00
  0.2928E+00 -0.2388E+00
  0.2936E+00 -0.2367E+00
  0.2944E+00 -0.2346E+00
  0.2951E+00 -0.2324E+00
  0.2959E+00 -0.2303E+00
  0.2966E+00 -0.2281E+00
  0.2973E+00 -0.2260E+00
  0.2981E+00 -0.2238E+00
  0.2988E+00 -0.2217E+00
  0.2995E+00 -0.2195E+00
  0.3002E+00 -0.2173E+00
  0.3009E+00 -0.2152E+00
  0.3016E+00 -0.2130E+00
  0.3023E+00 -0.2108E+00
  0.3029E+00 -0.2086E+00
  0.3036E+00 -0.2064E+00
  0.3043E+00 -0.2042E+00
  0.3049E+00 -0.2020E+00
  0.3056E+00 -0.1998E+00
  0.3062E+00 -0.1975E+00
  0.3068E+00 -0.1953E+00
  0.3075E+00 -0.1931E+00
  0.3081E+00 -0.1909E+00
  0.3087E+00 -0.1886E+00
  0.3093E+00 -0.1864E+00
  0.3099E+00 -0.1841E+00
  0.3105E+00 -0.1819E+00
  0.3111E+00 -0.1796E+00
  0.3117E+00 -0.1774E+00
  0.3122E+00 -0.1751E+00
  0.3128E+00 -0.1729E+00
  0.3133E+00 -0.1706E+00
  0.3139E+00 -0.1683E+00
  0.3144E+00 -0.1660E+00
  0.3149E+00 -0.1638E+00
  0.3155E+00 -0.1615E+00
  0.3160E+00 -0.1592E+00
  0.3165E+00 -0.1569E+00
  0.3170E+00 -0.1546E+00
  0.3175E+00 -0.1523E+00
  0.3180E+00 -0.1500E+00
  0.3185E+00 -0.1477E+00
  0.3189E+00 -0.1454E+00
  0.3194E+00 -0.1431E+00
  0.3199E+00 -0.1407E+00
  0.3203E+00 -0.1384E+00
  0.3207E+00 -0.1361E+00
  0.3212E+00 -0.1338E+00
  0.3216E+00 -0.1314E+00
  0.3220E+00 -0.1291E+00
  0.3224E+00 -0.1268E+00
  0.3228E+00 -0.1244E+00
  0.3232E+00 -0.1221E+00
  0.3236E+00 -0.1197E+00
  0.3240E+00 -0.1174E+00
  0.3244E+00 -0.1150E+00
  0.3248E+00 -0.1127E+00
  0.3251E+00 -0.1103E+00
  0.3255E+00 -0.1080E+00
  0.3258E+00 -0.1056E+00
  0.3261E+00 -0.1033E+00
  0.3265E+00 -0.1009E+00
  0.3268E+00 -0.9852E-01
  0.3271E+00 -0.9615E-01
  0.3274E+00 -0.9378E-01
  0.3277E+00 -0.9140E-01
  0.3280E+00 -0.8903E-01
  0.3283E+00 -0.8665E-01
  0.3286E+00 -0.8427E-01
  0.3288E+00 -0.8188E-01
  0.3291E+00 -0.7950E-01
  0.3293E+00 -0.7711E-01
  0.3296E+00 -0.7472E-01
  0.3298E+00 -0.7233E-01
  0.3301E+00 -0.6994E-01
  0.3303E+00 -0.6755E-01
  0.3305E+00 -0.6515E-01
  0.3307E+00 -0.6276E-01
  0.3309E+00 -0.6036E-01
  0.3311E+00 -0.5796E-01
  0.3313E+00 -0.5556E-01
  0.3314E+00 -0.5316E-01
  0.3316E+00 -0.5075E-01
  0.3318E+00 -0.4835E-01
  0.3319E+00 -0.4594E-01
  0.3321E+00 -0.4354E-01
  0.3322E+00 -0.4113E-01
  0.3323E+00 -0.3872E-01
  0.3325E+00 -0.3631E-01
  0.3326E+00 -0.3390E-01
  0.3327E+00 -0.3149E-01
  0.3328E+00 -0.2907E-01
  0.3329E+00 -0.2666E-01
  0.3329E+00 -0.2425E-01
  0.3330E+00 -0.2183E-01
  0.3331E+00 -0.1942E-01
  0.3331E+00 -0.1701E-01
  0.3332E+00 -0.1459E-01
  0.3332E+00 -0.1217E-01
  0.3333E+00 -0.9758E-02
  0.3333E+00 -0.7342E-02
  0.3333E+00 -0.4926E-02
  0.3333E+00 -0.2509E-02
