 1300
  0.1000E+01  0.0000E+00
  0.1000E+01  0.4833E-02
  0.1000E+01  0.9666E-02
  0.9999E+00  0.1450E-01
  0.9998E+00  0.1933E-01
  0.9997E+00  0.2416E-01
  0.9996E+00  0.2899E-01
  0.9994E+00  0.3383E-01
  0.9993E+00  0.3865E-01
  0.9991E+00  0.4348E-01
  0.9988E+00  0.4831E-01
  0.9986E+00  0.5314E-01
  0.9983E+00  0.5796E-01
  0.9980E+00  0.6279E-01
  0.9977E+00  0.6761E-01
  0.9974E+00  0.7243E-01
  0.9970E+00  0.7725E-01
  0.9966E+00  0.8207E-01
  0.9962E+00  0.8689E-01
  0.9958E+00  0.9170E-01
  0.9953E+00  0.9651E-01
  0.9949E+00  0.1013E+00
  0.9944E+00  0.1061E+00
  0.9938E+00  0.1109E+00
  0.9933E+00  0.1157E+00
  0.9927E+00  0.1205E+00
  0.9921E+00  0.1253E+00
  0.9915E+00  0.1301E+00
  0.9909E+00  0.1349E+00
  0.9902E+00  0.1397E+00
  0.9895E+00  0.1445E+00
  0.9888E+00  0.1493E+00
  0.9881E+00  0.1540E+00
  0.9873E+00  0.1588E+00
  0.9865E+00  0.1636E+00
  0.9857E+00  0.1684E+00
  0.9849E+00  0.1731E+00
  0.9841E+00  0.1779E+00
  0.9832E+00  0.1826E+00
  0.9823E+00  0.1874E+00
  0.9814E+00  0.1921E+00
  0.9804E+00  0.1969E+00
  0.9795E+00  0.2016E+00
  0.9785E+00  0.2063E+00
  0.9775E+00  0.2111E+00
  0.9764E+00  0.2158E+00
  0.9754E+00  0.2205E+00
  0.9743E+00  0.2252E+00
  0.9732E+00  0.2299E+00
  0.9721E+00  0.2346E+00
  0.9709E+00  0.2393E+00
  0.9698E+00  0.2440E+00
  0.9686E+00  0.2487E+00
  0.9674E+00  0.2534E+00
  0.9661E+00  0.2580E+00
  0.9649E+00  0.2627E+00
  0.9636E+00  0.2674E+00
  0.9623E+00  0.2720E+00
  0.9610E+00  0.2767E+00
  0.9596E+00  0.2813E+00
  0.9582E+00  0.2859E+00
  0.9569E+00  0.2906E+00
  0.9554E+00  0.2952E+00
  0.9540E+00  0.2998E+00
  0.9525E+00  0.3044E+00
  0.9511E+00  0.3090E+00
  0.9496E+00  0.3136E+00
  0.9480E+00  0.3182E+00
  0.9465E+00  0.3228E+00
  0.9449E+00  0.3273E+00
  0.9433E+00  0.3319E+00
  0.9417E+00  0.3365E+00
  0.9401E+00  0.3410E+00
  0.9384E+00  0.3455E+00
  0.9367E+00  0.3501E+00
  0.9350E+00  0.3546E+00
  0.9333E+00  0.3591E+00
  0.9315E+00  0.3636E+00
  0.9298E+00  0.3681E+00
  0.9280E+00  0.3726E+00
  0.9262E+00  0.3771E+00
  0.9243E+00  0.3816E+00
  0.9225E+00  0.3860E+00
  0.9206E+00  0.3905E+00
  0.9187E+00  0.3949E+00
  0.9168E+00  0.3994E+00
  0.9149E+00  0.4038E+00
  0.9129E+00  0.4082E+00
  0.9109E+00  0.4126E+00
  0.9089E+00  0.4170E+00
  0.9069E+00  0.4214E+00
  0.9048E+00  0.4258E+00
  0.9028E+00  0.4301E+00
  0.9007E+00  0.4345E+00
  0.8986E+00  0.4388E+00
  0.8964E+00  0.4432E+00
  0.8943E+00  0.4475E+00
  0.8921E+00  0.4518E+00
  0.8899E+00  0.4561E+00
  0.8877E+00  0.4604E+00
  0.8855E+00  0.4647E+00
  0.8832E+00  0.4690E+00
  0.8809E+00  0.4732E+00
  0.8786E+00  0.4775E+00
  0.8763E+00  0.4817E+00
  0.8740E+00  0.4860E+00
  0.8716E+00  0.4902E+00
  0.8692E+00  0.4944E+00
  0.8668E+00  0.4986E+00
  0.8644E+00  0.5028E+00
  0.8620E+00  0.5069E+00
  0.8595E+00  0.5111E+00
  0.8570E+00  0.5153E+00
  0.8545E+00  0.5194E+00
  0.8520E+00  0.5235E+00
  0.8495E+00  0.5276E+00
  0.8469E+00  0.5317E+00
  0.8443E+00  0.5358E+00
  0.8417E+00  0.5399E+00
  0.8391E+00  0.5439E+00
  0.8365E+00  0.5480E+00
  0.8338E+00  0.5520E+00
  0.8311E+00  0.5561E+00
  0.8284E+00  0.5601E+00
  0.8257E+00  0.5641E+00
  0.8230E+00  0.5681E+00
  0.8202E+00  0.5720E+00
  0.8175E+00  0.5760E+00
  0.8147E+00  0.5799E+00
  0.8119E+00  0.5839E+00
  0.8090E+00  0.5878E+00
  0.8062E+00  0.5917E+00
  0.8033E+00  0.5956E+00
  0.8004E+00  0.5994E+00
  0.7975E+00  0.6033E+00
  0.7946E+00  0.6071E+00
  0.7916E+00  0.6110E+00
  0.7887E+00  0.6148E+00
  0.7857E+00  0.6186E+00
  0.7827E+00  0.6224E+00
  0.7797E+00  0.6262E+00
  0.7767E+00  0.6299E+00
  0.7736E+00  0.6337E+00
  0.7705E+00  0.6374E+00
  0.7674E+00  0.6411E+00
  0.7643E+00  0.6448E+00
  0.7612E+00  0.6485E+00
  0.7581E+00  0.6522E+00
  0.7549E+00  0.6558E+00
  0.7517E+00  0.6595E+00
  0.7485E+00  0.6631E+00
  0.7453E+00  0.6667E+00
  0.7421E+00  0.6703E+00
  0.7388E+00  0.6739E+00
  0.7356E+00  0.6775E+00
  0.7323E+00  0.6810E+00
  0.7290E+00  0.6845E+00
  0.7257E+00  0.6880E+00
  0.7223E+00  0.6915E+00
  0.7190E+00  0.6950E+00
  0.7156E+00  0.6985E+00
  0.7122E+00  0.7019E+00
  0.7088E+00  0.7054E+00
  0.7054E+00  0.7088E+00
  0.7020E+00  0.7122E+00
  0.6985E+00  0.7156E+00
  0.6951E+00  0.7190E+00
  0.6916E+00  0.7223E+00
  0.6881E+00  0.7256E+00
  0.6846E+00  0.7290E+00
  0.6810E+00  0.7323E+00
  0.6775E+00  0.7355E+00
  0.6739E+00  0.7388E+00
  0.6703E+00  0.7420E+00
  0.6668E+00  0.7453E+00
  0.6631E+00  0.7485E+00
  0.6595E+00  0.7517E+00
  0.6559E+00  0.7549E+00
  0.6522E+00  0.7580E+00
  0.6485E+00  0.7612E+00
  0.6449E+00  0.7643E+00
  0.6412E+00  0.7674E+00
  0.6374E+00  0.7705E+00
  0.6337E+00  0.7736E+00
  0.6300E+00  0.7766E+00
  0.6262E+00  0.7797E+00
  0.6224E+00  0.7827E+00
  0.6186E+00  0.7857E+00
  0.6148E+00  0.7887E+00
  0.6110E+00  0.7916E+00
  0.6072E+00  0.7946E+00
  0.6033E+00  0.7975E+00
  0.5995E+00  0.8004E+00
  0.5956E+00  0.8033E+00
  0.5917E+00  0.8062E+00
  0.5878E+00  0.8090E+00
  0.5839E+00  0.8118E+00
  0.5800E+00  0.8146E+00
  0.5760E+00  0.8174E+00
  0.5721E+00  0.8202E+00
  0.5681E+00  0.8230E+00
  0.5641E+00  0.8257E+00
  0.5601E+00  0.8284E+00
  0.5561E+00  0.8311E+00
  0.5521E+00  0.8338E+00
  0.5480E+00  0.8365E+00
  0.5440E+00  0.8391E+00
  0.5399E+00  0.8417E+00
  0.5359E+00  0.8443E+00
  0.5318E+00  0.8469E+00
  0.5277E+00  0.8495E+00
  0.5236E+00  0.8520E+00
  0.5194E+00  0.8545E+00
  0.5153E+00  0.8570E+00
  0.5111E+00  0.8595E+00
  0.5070E+00  0.8620E+00
  0.5028E+00  0.8644E+00
  0.4986E+00  0.8668E+00
  0.4944E+00  0.8692E+00
  0.4902E+00  0.8716E+00
  0.4860E+00  0.8740E+00
  0.4818E+00  0.8763E+00
  0.4775E+00  0.8786E+00
  0.4733E+00  0.8809E+00
  0.4690E+00  0.8832E+00
  0.4648E+00  0.8854E+00
  0.4605E+00  0.8877E+00
  0.4562E+00  0.8899E+00
  0.4519E+00  0.8921E+00
  0.4475E+00  0.8943E+00
  0.4432E+00  0.8964E+00
  0.4389E+00  0.8985E+00
  0.4345E+00  0.9007E+00
  0.4302E+00  0.9027E+00
  0.4258E+00  0.9048E+00
  0.4214E+00  0.9069E+00
  0.4170E+00  0.9089E+00
  0.4126E+00  0.9109E+00
  0.4082E+00  0.9129E+00
  0.4038E+00  0.9148E+00
  0.3994E+00  0.9168E+00
  0.3950E+00  0.9187E+00
  0.3905E+00  0.9206E+00
  0.3861E+00  0.9225E+00
  0.3816E+00  0.9243E+00
  0.3771E+00  0.9262E+00
  0.3726E+00  0.9280E+00
  0.3682E+00  0.9298E+00
  0.3637E+00  0.9315E+00
  0.3592E+00  0.9333E+00
  0.3546E+00  0.9350E+00
  0.3501E+00  0.9367E+00
  0.3456E+00  0.9384E+00
  0.3410E+00  0.9400E+00
  0.3365E+00  0.9417E+00
  0.3319E+00  0.9433E+00
  0.3274E+00  0.9449E+00
  0.3228E+00  0.9465E+00
  0.3182E+00  0.9480E+00
  0.3136E+00  0.9495E+00
  0.3091E+00  0.9510E+00
  0.3045E+00  0.9525E+00
  0.2998E+00  0.9540E+00
  0.2952E+00  0.9554E+00
  0.2906E+00  0.9568E+00
  0.2860E+00  0.9582E+00
  0.2813E+00  0.9596E+00
  0.2767E+00  0.9610E+00
  0.2721E+00  0.9623E+00
  0.2674E+00  0.9636E+00
  0.2627E+00  0.9649E+00
  0.2581E+00  0.9661E+00
  0.2534E+00  0.9674E+00
  0.2487E+00  0.9686E+00
  0.2440E+00  0.9698E+00
  0.2394E+00  0.9709E+00
  0.2347E+00  0.9721E+00
  0.2300E+00  0.9732E+00
  0.2253E+00  0.9743E+00
  0.2205E+00  0.9754E+00
  0.2158E+00  0.9764E+00
  0.2111E+00  0.9775E+00
  0.2064E+00  0.9785E+00
  0.2016E+00  0.9795E+00
  0.1969E+00  0.9804E+00
  0.1922E+00  0.9814E+00
  0.1874E+00  0.9823E+00
  0.1827E+00  0.9832E+00
  0.1779E+00  0.9840E+00
  0.1732E+00  0.9849E+00
  0.1684E+00  0.9857E+00
  0.1636E+00  0.9865E+00
  0.1589E+00  0.9873E+00
  0.1541E+00  0.9881E+00
  0.1493E+00  0.9888E+00
  0.1445E+00  0.9895E+00
  0.1397E+00  0.9902E+00
  0.1350E+00  0.9909E+00
  0.1302E+00  0.9915E+00
  0.1254E+00  0.9921E+00
  0.1206E+00  0.9927E+00
  0.1158E+00  0.9933E+00
  0.1110E+00  0.9938E+00
  0.1062E+00  0.9943E+00
  0.1014E+00  0.9948E+00
  0.9656E-01  0.9953E+00
  0.9175E-01  0.9958E+00
  0.8693E-01  0.9962E+00
  0.8212E-01  0.9966E+00
  0.7730E-01  0.9970E+00
  0.7248E-01  0.9974E+00
  0.6766E-01  0.9977E+00
  0.6283E-01  0.9980E+00
  0.5801E-01  0.9983E+00
  0.5319E-01  0.9986E+00
  0.4836E-01  0.9988E+00
  0.4353E-01  0.9991E+00
  0.3870E-01  0.9993E+00
  0.3387E-01  0.9994E+00
  0.2904E-01  0.9996E+00
  0.2421E-01  0.9997E+00
  0.1938E-01  0.9998E+00
  0.1455E-01  0.9999E+00
  0.9712E-02  0.1000E+01
  0.4879E-02  0.1000E+01
  0.4633E-04  0.1000E+01
 -0.4787E-02  0.1000E+01
 -0.9620E-02  0.1000E+01
 -0.1445E-01  0.9999E+00
 -0.1928E-01  0.9998E+00
 -0.2412E-01  0.9997E+00
 -0.2895E-01  0.9996E+00
 -0.3378E-01  0.9994E+00
 -0.3861E-01  0.9993E+00
 -0.4344E-01  0.9991E+00
 -0.4827E-01  0.9988E+00
 -0.5309E-01  0.9986E+00
 -0.5792E-01  0.9983E+00
 -0.6274E-01  0.9980E+00
 -0.6757E-01  0.9977E+00
 -0.7239E-01  0.9974E+00
 -0.7721E-01  0.9970E+00
 -0.8202E-01  0.9966E+00
 -0.8684E-01  0.9962E+00
 -0.9165E-01  0.9958E+00
 -0.9646E-01  0.9953E+00
 -0.1013E+00  0.9949E+00
 -0.1061E+00  0.9944E+00
 -0.1109E+00  0.9938E+00
 -0.1157E+00  0.9933E+00
 -0.1205E+00  0.9927E+00
 -0.1253E+00  0.9921E+00
 -0.1301E+00  0.9915E+00
 -0.1349E+00  0.9909E+00
 -0.1397E+00  0.9902E+00
 -0.1444E+00  0.9895E+00
 -0.1492E+00  0.9888E+00
 -0.1540E+00  0.9881E+00
 -0.1588E+00  0.9873E+00
 -0.1635E+00  0.9865E+00
 -0.1683E+00  0.9857E+00
 -0.1731E+00  0.9849E+00
 -0.1778E+00  0.9841E+00
 -0.1826E+00  0.9832E+00
 -0.1873E+00  0.9823E+00
 -0.1921E+00  0.9814E+00
 -0.1968E+00  0.9804E+00
 -0.2016E+00  0.9795E+00
 -0.2063E+00  0.9785E+00
 -0.2110E+00  0.9775E+00
 -0.2157E+00  0.9765E+00
 -0.2204E+00  0.9754E+00
 -0.2252E+00  0.9743E+00
 -0.2299E+00  0.9732E+00
 -0.2346E+00  0.9721E+00
 -0.2393E+00  0.9710E+00
 -0.2440E+00  0.9698E+00
 -0.2486E+00  0.9686E+00
 -0.2533E+00  0.9674E+00
 -0.2580E+00  0.9661E+00
 -0.2627E+00  0.9649E+00
 -0.2673E+00  0.9636E+00
 -0.2720E+00  0.9623E+00
 -0.2766E+00  0.9610E+00
 -0.2813E+00  0.9596E+00
 -0.2859E+00  0.9583E+00
 -0.2905E+00  0.9569E+00
 -0.2951E+00  0.9555E+00
 -0.2998E+00  0.9540E+00
 -0.3044E+00  0.9526E+00
 -0.3090E+00  0.9511E+00
 -0.3136E+00  0.9496E+00
 -0.3181E+00  0.9480E+00
 -0.3227E+00  0.9465E+00
 -0.3273E+00  0.9449E+00
 -0.3319E+00  0.9433E+00
 -0.3364E+00  0.9417E+00
 -0.3410E+00  0.9401E+00
 -0.3455E+00  0.9384E+00
 -0.3500E+00  0.9367E+00
 -0.3546E+00  0.9350E+00
 -0.3591E+00  0.9333E+00
 -0.3636E+00  0.9316E+00
 -0.3681E+00  0.9298E+00
 -0.3726E+00  0.9280E+00
 -0.3770E+00  0.9262E+00
 -0.3815E+00  0.9244E+00
 -0.3860E+00  0.9225E+00
 -0.3904E+00  0.9206E+00
 -0.3949E+00  0.9187E+00
 -0.3993E+00  0.9168E+00
 -0.4037E+00  0.9149E+00
 -0.4082E+00  0.9129E+00
 -0.4126E+00  0.9109E+00
 -0.4170E+00  0.9089E+00
 -0.4213E+00  0.9069E+00
 -0.4257E+00  0.9049E+00
 -0.4301E+00  0.9028E+00
 -0.4345E+00  0.9007E+00
 -0.4388E+00  0.8986E+00
 -0.4431E+00  0.8965E+00
 -0.4475E+00  0.8943E+00
 -0.4518E+00  0.8921E+00
 -0.4561E+00  0.8899E+00
 -0.4604E+00  0.8877E+00
 -0.4647E+00  0.8855E+00
 -0.4689E+00  0.8832E+00
 -0.4732E+00  0.8810E+00
 -0.4775E+00  0.8787E+00
 -0.4817E+00  0.8763E+00
 -0.4859E+00  0.8740E+00
 -0.4901E+00  0.8716E+00
 -0.4944E+00  0.8693E+00
 -0.4986E+00  0.8669E+00
 -0.5027E+00  0.8644E+00
 -0.5069E+00  0.8620E+00
 -0.5111E+00  0.8595E+00
 -0.5152E+00  0.8571E+00
 -0.5194E+00  0.8546E+00
 -0.5235E+00  0.8520E+00
 -0.5276E+00  0.8495E+00
 -0.5317E+00  0.8469E+00
 -0.5358E+00  0.8444E+00
 -0.5398E+00  0.8418E+00
 -0.5439E+00  0.8391E+00
 -0.5480E+00  0.8365E+00
 -0.5520E+00  0.8338E+00
 -0.5560E+00  0.8312E+00
 -0.5600E+00  0.8285E+00
 -0.5640E+00  0.8258E+00
 -0.5680E+00  0.8230E+00
 -0.5720E+00  0.8203E+00
 -0.5759E+00  0.8175E+00
 -0.5799E+00  0.8147E+00
 -0.5838E+00  0.8119E+00
 -0.5877E+00  0.8091E+00
 -0.5916E+00  0.8062E+00
 -0.5955E+00  0.8033E+00
 -0.5994E+00  0.8004E+00
 -0.6033E+00  0.7975E+00
 -0.6071E+00  0.7946E+00
 -0.6109E+00  0.7917E+00
 -0.6148E+00  0.7887E+00
 -0.6186E+00  0.7857E+00
 -0.6224E+00  0.7827E+00
 -0.6261E+00  0.7797E+00
 -0.6299E+00  0.7767E+00
 -0.6336E+00  0.7736E+00
 -0.6374E+00  0.7706E+00
 -0.6411E+00  0.7675E+00
 -0.6448E+00  0.7644E+00
 -0.6485E+00  0.7612E+00
 -0.6521E+00  0.7581E+00
 -0.6558E+00  0.7549E+00
 -0.6594E+00  0.7518E+00
 -0.6631E+00  0.7486E+00
 -0.6667E+00  0.7453E+00
 -0.6703E+00  0.7421E+00
 -0.6739E+00  0.7389E+00
 -0.6774E+00  0.7356E+00
 -0.6810E+00  0.7323E+00
 -0.6845E+00  0.7290E+00
 -0.6880E+00  0.7257E+00
 -0.6915E+00  0.7224E+00
 -0.6950E+00  0.7190E+00
 -0.6985E+00  0.7156E+00
 -0.7019E+00  0.7123E+00
 -0.7053E+00  0.7089E+00
 -0.7088E+00  0.7054E+00
 -0.7122E+00  0.7020E+00
 -0.7156E+00  0.6986E+00
 -0.7189E+00  0.6951E+00
 -0.7223E+00  0.6916E+00
 -0.7256E+00  0.6881E+00
 -0.7289E+00  0.6846E+00
 -0.7322E+00  0.6811E+00
 -0.7355E+00  0.6775E+00
 -0.7388E+00  0.6740E+00
 -0.7420E+00  0.6704E+00
 -0.7452E+00  0.6668E+00
 -0.7485E+00  0.6632E+00
 -0.7517E+00  0.6596E+00
 -0.7548E+00  0.6559E+00
 -0.7580E+00  0.6523E+00
 -0.7611E+00  0.6486E+00
 -0.7643E+00  0.6449E+00
 -0.7674E+00  0.6412E+00
 -0.7705E+00  0.6375E+00
 -0.7735E+00  0.6337E+00
 -0.7766E+00  0.6300E+00
 -0.7796E+00  0.6262E+00
 -0.7826E+00  0.6225E+00
 -0.7856E+00  0.6187E+00
 -0.7886E+00  0.6149E+00
 -0.7916E+00  0.6111E+00
 -0.7945E+00  0.6072E+00
 -0.7975E+00  0.6034E+00
 -0.8004E+00  0.5995E+00
 -0.8033E+00  0.5956E+00
 -0.8061E+00  0.5917E+00
 -0.8090E+00  0.5878E+00
 -0.8118E+00  0.5839E+00
 -0.8146E+00  0.5800E+00
 -0.8174E+00  0.5761E+00
 -0.8202E+00  0.5721E+00
 -0.8229E+00  0.5681E+00
 -0.8257E+00  0.5641E+00
 -0.8284E+00  0.5601E+00
 -0.8311E+00  0.5561E+00
 -0.8338E+00  0.5521E+00
 -0.8364E+00  0.5481E+00
 -0.8391E+00  0.5440E+00
 -0.8417E+00  0.5400E+00
 -0.8443E+00  0.5359E+00
 -0.8469E+00  0.5318E+00
 -0.8494E+00  0.5277E+00
 -0.8520E+00  0.5236E+00
 -0.8545E+00  0.5195E+00
 -0.8570E+00  0.5153E+00
 -0.8595E+00  0.5112E+00
 -0.8619E+00  0.5070E+00
 -0.8644E+00  0.5029E+00
 -0.8668E+00  0.4987E+00
 -0.8692E+00  0.4945E+00
 -0.8716E+00  0.4903E+00
 -0.8739E+00  0.4861E+00
 -0.8763E+00  0.4818E+00
 -0.8786E+00  0.4776E+00
 -0.8809E+00  0.4733E+00
 -0.8832E+00  0.4691E+00
 -0.8854E+00  0.4648E+00
 -0.8877E+00  0.4605E+00
 -0.8899E+00  0.4562E+00
 -0.8921E+00  0.4519E+00
 -0.8942E+00  0.4476E+00
 -0.8964E+00  0.4433E+00
 -0.8985E+00  0.4389E+00
 -0.9006E+00  0.4346E+00
 -0.9027E+00  0.4302E+00
 -0.9048E+00  0.4259E+00
 -0.9068E+00  0.4215E+00
 -0.9089E+00  0.4171E+00
 -0.9109E+00  0.4127E+00
 -0.9129E+00  0.4083E+00
 -0.9148E+00  0.4039E+00
 -0.9168E+00  0.3994E+00
 -0.9187E+00  0.3950E+00
 -0.9206E+00  0.3906E+00
 -0.9225E+00  0.3861E+00
 -0.9243E+00  0.3816E+00
 -0.9261E+00  0.3772E+00
 -0.9280E+00  0.3727E+00
 -0.9297E+00  0.3682E+00
 -0.9315E+00  0.3637E+00
 -0.9333E+00  0.3592E+00
 -0.9350E+00  0.3547E+00
 -0.9367E+00  0.3502E+00
 -0.9384E+00  0.3456E+00
 -0.9400E+00  0.3411E+00
 -0.9417E+00  0.3365E+00
 -0.9433E+00  0.3320E+00
 -0.9449E+00  0.3274E+00
 -0.9464E+00  0.3229E+00
 -0.9480E+00  0.3183E+00
 -0.9495E+00  0.3137E+00
 -0.9510E+00  0.3091E+00
 -0.9525E+00  0.3045E+00
 -0.9540E+00  0.2999E+00
 -0.9554E+00  0.2953E+00
 -0.9568E+00  0.2907E+00
 -0.9582E+00  0.2860E+00
 -0.9596E+00  0.2814E+00
 -0.9609E+00  0.2768E+00
 -0.9623E+00  0.2721E+00
 -0.9636E+00  0.2674E+00
 -0.9649E+00  0.2628E+00
 -0.9661E+00  0.2581E+00
 -0.9673E+00  0.2535E+00
 -0.9686E+00  0.2488E+00
 -0.9698E+00  0.2441E+00
 -0.9709E+00  0.2394E+00
 -0.9721E+00  0.2347E+00
 -0.9732E+00  0.2300E+00
 -0.9743E+00  0.2253E+00
 -0.9754E+00  0.2206E+00
 -0.9764E+00  0.2159E+00
 -0.9775E+00  0.2111E+00
 -0.9785E+00  0.2064E+00
 -0.9794E+00  0.2017E+00
 -0.9804E+00  0.1970E+00
 -0.9814E+00  0.1922E+00
 -0.9823E+00  0.1875E+00
 -0.9832E+00  0.1827E+00
 -0.9840E+00  0.1780E+00
 -0.9849E+00  0.1732E+00
 -0.9857E+00  0.1684E+00
 -0.9865E+00  0.1637E+00
 -0.9873E+00  0.1589E+00
 -0.9880E+00  0.1541E+00
 -0.9888E+00  0.1494E+00
 -0.9895E+00  0.1446E+00
 -0.9902E+00  0.1398E+00
 -0.9908E+00  0.1350E+00
 -0.9915E+00  0.1302E+00
 -0.9921E+00  0.1254E+00
 -0.9927E+00  0.1206E+00
 -0.9933E+00  0.1158E+00
 -0.9938E+00  0.1110E+00
 -0.9943E+00  0.1062E+00
 -0.9948E+00  0.1014E+00
 -0.9953E+00  0.9660E-01
 -0.9958E+00  0.9179E-01
 -0.9962E+00  0.8698E-01
 -0.9966E+00  0.8216E-01
 -0.9970E+00  0.7734E-01
 -0.9974E+00  0.7253E-01
 -0.9977E+00  0.6770E-01
 -0.9980E+00  0.6288E-01
 -0.9983E+00  0.5806E-01
 -0.9986E+00  0.5323E-01
 -0.9988E+00  0.4840E-01
 -0.9991E+00  0.4358E-01
 -0.9992E+00  0.3875E-01
 -0.9994E+00  0.3392E-01
 -0.9996E+00  0.2909E-01
 -0.9997E+00  0.2426E-01
 -0.9998E+00  0.1942E-01
 -0.9999E+00  0.1459E-01
 -0.1000E+01  0.9759E-02
 -0.1000E+01  0.4926E-02
 -0.1000E+01  0.9265E-04
 -0.1000E+01 -0.4740E-02
 -0.1000E+01 -0.9573E-02
 -0.9999E+00 -0.1441E-01
 -0.9998E+00 -0.1924E-01
 -0.9997E+00 -0.2407E-01
 -0.9996E+00 -0.2890E-01
 -0.9994E+00 -0.3373E-01
 -0.9993E+00 -0.3856E-01
 -0.9991E+00 -0.4339E-01
 -0.9988E+00 -0.4822E-01
 -0.9986E+00 -0.5305E-01
 -0.9983E+00 -0.5787E-01
 -0.9980E+00 -0.6270E-01
 -0.9977E+00 -0.6752E-01
 -0.9974E+00 -0.7234E-01
 -0.9970E+00 -0.7716E-01
 -0.9966E+00 -0.8198E-01
 -0.9962E+00 -0.8679E-01
 -0.9958E+00 -0.9161E-01
 -0.9953E+00 -0.9642E-01
 -0.9949E+00 -0.1012E+00
 -0.9944E+00 -0.1060E+00
 -0.9938E+00 -0.1108E+00
 -0.9933E+00 -0.1156E+00
 -0.9927E+00 -0.1204E+00
 -0.9921E+00 -0.1252E+00
 -0.9915E+00 -0.1300E+00
 -0.9909E+00 -0.1348E+00
 -0.9902E+00 -0.1396E+00
 -0.9895E+00 -0.1444E+00
 -0.9888E+00 -0.1492E+00
 -0.9881E+00 -0.1540E+00
 -0.9873E+00 -0.1587E+00
 -0.9865E+00 -0.1635E+00
 -0.9857E+00 -0.1683E+00
 -0.9849E+00 -0.1730E+00
 -0.9841E+00 -0.1778E+00
 -0.9832E+00 -0.1825E+00
 -0.9823E+00 -0.1873E+00
 -0.9814E+00 -0.1920E+00
 -0.9804E+00 -0.1968E+00
 -0.9795E+00 -0.2015E+00
 -0.9785E+00 -0.2062E+00
 -0.9775E+00 -0.2110E+00
 -0.9765E+00 -0.2157E+00
 -0.9754E+00 -0.2204E+00
 -0.9743E+00 -0.2251E+00
 -0.9732E+00 -0.2298E+00
 -0.9721E+00 -0.2345E+00
 -0.9710E+00 -0.2392E+00
 -0.9698E+00 -0.2439E+00
 -0.9686E+00 -0.2486E+00
 -0.9674E+00 -0.2533E+00
 -0.9662E+00 -0.2579E+00
 -0.9649E+00 -0.2626E+00
 -0.9636E+00 -0.2673E+00
 -0.9623E+00 -0.2719E+00
 -0.9610E+00 -0.2766E+00
 -0.9596E+00 -0.2812E+00
 -0.9583E+00 -0.2858E+00
 -0.9569E+00 -0.2905E+00
 -0.9555E+00 -0.2951E+00
 -0.9540E+00 -0.2997E+00
 -0.9526E+00 -0.3043E+00
 -0.9511E+00 -0.3089E+00
 -0.9496E+00 -0.3135E+00
 -0.9481E+00 -0.3181E+00
 -0.9465E+00 -0.3227E+00
 -0.9449E+00 -0.3272E+00
 -0.9433E+00 -0.3318E+00
 -0.9417E+00 -0.3364E+00
 -0.9401E+00 -0.3409E+00
 -0.9384E+00 -0.3455E+00
 -0.9368E+00 -0.3500E+00
 -0.9351E+00 -0.3545E+00
 -0.9333E+00 -0.3590E+00
 -0.9316E+00 -0.3635E+00
 -0.9298E+00 -0.3680E+00
 -0.9280E+00 -0.3725E+00
 -0.9262E+00 -0.3770E+00
 -0.9244E+00 -0.3815E+00
 -0.9225E+00 -0.3859E+00
 -0.9207E+00 -0.3904E+00
 -0.9188E+00 -0.3948E+00
 -0.9168E+00 -0.3993E+00
 -0.9149E+00 -0.4037E+00
 -0.9129E+00 -0.4081E+00
 -0.9109E+00 -0.4125E+00
 -0.9089E+00 -0.4169E+00
 -0.9069E+00 -0.4213E+00
 -0.9049E+00 -0.4257E+00
 -0.9028E+00 -0.4301E+00
 -0.9007E+00 -0.4344E+00
 -0.8986E+00 -0.4388E+00
 -0.8965E+00 -0.4431E+00
 -0.8943E+00 -0.4474E+00
 -0.8921E+00 -0.4517E+00
 -0.8900E+00 -0.4560E+00
 -0.8877E+00 -0.4603E+00
 -0.8855E+00 -0.4646E+00
 -0.8832E+00 -0.4689E+00
 -0.8810E+00 -0.4732E+00
 -0.8787E+00 -0.4774E+00
 -0.8764E+00 -0.4817E+00
 -0.8740E+00 -0.4859E+00
 -0.8717E+00 -0.4901E+00
 -0.8693E+00 -0.4943E+00
 -0.8669E+00 -0.4985E+00
 -0.8645E+00 -0.5027E+00
 -0.8620E+00 -0.5069E+00
 -0.8596E+00 -0.5110E+00
 -0.8571E+00 -0.5152E+00
 -0.8546E+00 -0.5193E+00
 -0.8521E+00 -0.5234E+00
 -0.8495E+00 -0.5275E+00
 -0.8470E+00 -0.5316E+00
 -0.8444E+00 -0.5357E+00
 -0.8418E+00 -0.5398E+00
 -0.8392E+00 -0.5439E+00
 -0.8365E+00 -0.5479E+00
 -0.8339E+00 -0.5520E+00
 -0.8312E+00 -0.5560E+00
 -0.8285E+00 -0.5600E+00
 -0.8258E+00 -0.5640E+00
 -0.8230E+00 -0.5680E+00
 -0.8203E+00 -0.5719E+00
 -0.8175E+00 -0.5759E+00
 -0.8147E+00 -0.5798E+00
 -0.8119E+00 -0.5838E+00
 -0.8091E+00 -0.5877E+00
 -0.8062E+00 -0.5916E+00
 -0.8034E+00 -0.5955E+00
 -0.8005E+00 -0.5994E+00
 -0.7976E+00 -0.6032E+00
 -0.7946E+00 -0.6071E+00
 -0.7917E+00 -0.6109E+00
 -0.7887E+00 -0.6147E+00
 -0.7858E+00 -0.6185E+00
 -0.7828E+00 -0.6223E+00
 -0.7797E+00 -0.6261E+00
 -0.7767E+00 -0.6299E+00
 -0.7737E+00 -0.6336E+00
 -0.7706E+00 -0.6373E+00
 -0.7675E+00 -0.6411E+00
 -0.7644E+00 -0.6448E+00
 -0.7613E+00 -0.6484E+00
 -0.7581E+00 -0.6521E+00
 -0.7550E+00 -0.6558E+00
 -0.7518E+00 -0.6594E+00
 -0.7486E+00 -0.6630E+00
 -0.7454E+00 -0.6666E+00
 -0.7421E+00 -0.6702E+00
 -0.7389E+00 -0.6738E+00
 -0.7356E+00 -0.6774E+00
 -0.7323E+00 -0.6809E+00
 -0.7290E+00 -0.6845E+00
 -0.7257E+00 -0.6880E+00
 -0.7224E+00 -0.6915E+00
 -0.7190E+00 -0.6950E+00
 -0.7157E+00 -0.6984E+00
 -0.7123E+00 -0.7019E+00
 -0.7089E+00 -0.7053E+00
 -0.7055E+00 -0.7087E+00
 -0.7020E+00 -0.7121E+00
 -0.6986E+00 -0.7155E+00
 -0.6951E+00 -0.7189E+00
 -0.6916E+00 -0.7222E+00
 -0.6881E+00 -0.7256E+00
 -0.6846E+00 -0.7289E+00
 -0.6811E+00 -0.7322E+00
 -0.6776E+00 -0.7355E+00
 -0.6740E+00 -0.7387E+00
 -0.6704E+00 -0.7420E+00
 -0.6668E+00 -0.7452E+00
 -0.6632E+00 -0.7484E+00
 -0.6596E+00 -0.7516E+00
 -0.6559E+00 -0.7548E+00
 -0.6523E+00 -0.7580E+00
 -0.6486E+00 -0.7611E+00
 -0.6449E+00 -0.7642E+00
 -0.6412E+00 -0.7673E+00
 -0.6375E+00 -0.7704E+00
 -0.6338E+00 -0.7735E+00
 -0.6300E+00 -0.7766E+00
 -0.6263E+00 -0.7796E+00
 -0.6225E+00 -0.7826E+00
 -0.6187E+00 -0.7856E+00
 -0.6149E+00 -0.7886E+00
 -0.6111E+00 -0.7916E+00
 -0.6073E+00 -0.7945E+00
 -0.6034E+00 -0.7974E+00
 -0.5995E+00 -0.8003E+00
 -0.5957E+00 -0.8032E+00
 -0.5918E+00 -0.8061E+00
 -0.5879E+00 -0.8089E+00
 -0.5840E+00 -0.8118E+00
 -0.5800E+00 -0.8146E+00
 -0.5761E+00 -0.8174E+00
 -0.5721E+00 -0.8202E+00
 -0.5682E+00 -0.8229E+00
 -0.5642E+00 -0.8257E+00
 -0.5602E+00 -0.8284E+00
 -0.5562E+00 -0.8311E+00
 -0.5522E+00 -0.8337E+00
 -0.5481E+00 -0.8364E+00
 -0.5441E+00 -0.8390E+00
 -0.5400E+00 -0.8417E+00
 -0.5359E+00 -0.8443E+00
 -0.5318E+00 -0.8468E+00
 -0.5277E+00 -0.8494E+00
 -0.5236E+00 -0.8519E+00
 -0.5195E+00 -0.8545E+00
 -0.5154E+00 -0.8570E+00
 -0.5112E+00 -0.8594E+00
 -0.5071E+00 -0.8619E+00
 -0.5029E+00 -0.8643E+00
 -0.4987E+00 -0.8668E+00
 -0.4945E+00 -0.8692E+00
 -0.4903E+00 -0.8715E+00
 -0.4861E+00 -0.8739E+00
 -0.4819E+00 -0.8762E+00
 -0.4776E+00 -0.8786E+00
 -0.4734E+00 -0.8809E+00
 -0.4691E+00 -0.8831E+00
 -0.4648E+00 -0.8854E+00
 -0.4605E+00 -0.8876E+00
 -0.4563E+00 -0.8898E+00
 -0.4519E+00 -0.8920E+00
 -0.4476E+00 -0.8942E+00
 -0.4433E+00 -0.8964E+00
 -0.4390E+00 -0.8985E+00
 -0.4346E+00 -0.9006E+00
 -0.4303E+00 -0.9027E+00
 -0.4259E+00 -0.9048E+00
 -0.4215E+00 -0.9068E+00
 -0.4171E+00 -0.9088E+00
 -0.4127E+00 -0.9109E+00
 -0.4083E+00 -0.9128E+00
 -0.4039E+00 -0.9148E+00
 -0.3995E+00 -0.9167E+00
 -0.3950E+00 -0.9187E+00
 -0.3906E+00 -0.9206E+00
 -0.3861E+00 -0.9224E+00
 -0.3817E+00 -0.9243E+00
 -0.3772E+00 -0.9261E+00
 -0.3727E+00 -0.9279E+00
 -0.3682E+00 -0.9297E+00
 -0.3637E+00 -0.9315E+00
 -0.3592E+00 -0.9332E+00
 -0.3547E+00 -0.9350E+00
 -0.3502E+00 -0.9367E+00
 -0.3457E+00 -0.9384E+00
 -0.3411E+00 -0.9400E+00
 -0.3366E+00 -0.9417E+00
 -0.3320E+00 -0.9433E+00
 -0.3275E+00 -0.9449E+00
 -0.3229E+00 -0.9464E+00
 -0.3183E+00 -0.9480E+00
 -0.3137E+00 -0.9495E+00
 -0.3091E+00 -0.9510E+00
 -0.3045E+00 -0.9525E+00
 -0.2999E+00 -0.9540E+00
 -0.2953E+00 -0.9554E+00
 -0.2907E+00 -0.9568E+00
 -0.2861E+00 -0.9582E+00
 -0.2814E+00 -0.9596E+00
 -0.2768E+00 -0.9609E+00
 -0.2721E+00 -0.9623E+00
 -0.2675E+00 -0.9636E+00
 -0.2628E+00 -0.9648E+00
 -0.2582E+00 -0.9661E+00
 -0.2535E+00 -0.9673E+00
 -0.2488E+00 -0.9686E+00
 -0.2441E+00 -0.9697E+00
 -0.2394E+00 -0.9709E+00
 -0.2347E+00 -0.9721E+00
 -0.2300E+00 -0.9732E+00
 -0.2253E+00 -0.9743E+00
 -0.2206E+00 -0.9754E+00
 -0.2159E+00 -0.9764E+00
 -0.2112E+00 -0.9774E+00
 -0.2065E+00 -0.9785E+00
 -0.2017E+00 -0.9794E+00
 -0.1970E+00 -0.9804E+00
 -0.1923E+00 -0.9813E+00
 -0.1875E+00 -0.9823E+00
 -0.1828E+00 -0.9832E+00
 -0.1780E+00 -0.9840E+00
 -0.1733E+00 -0.9849E+00
 -0.1685E+00 -0.9857E+00
 -0.1637E+00 -0.9865E+00
 -0.1590E+00 -0.9873E+00
 -0.1542E+00 -0.9880E+00
 -0.1494E+00 -0.9888E+00
 -0.1446E+00 -0.9895E+00
 -0.1398E+00 -0.9902E+00
 -0.1351E+00 -0.9908E+00
 -0.1303E+00 -0.9915E+00
 -0.1255E+00 -0.9921E+00
 -0.1207E+00 -0.9927E+00
 -0.1159E+00 -0.9933E+00
 -0.1111E+00 -0.9938E+00
 -0.1063E+00 -0.9943E+00
 -0.1015E+00 -0.9948E+00
 -0.9665E-01 -0.9953E+00
 -0.9184E-01 -0.9958E+00
 -0.8702E-01 -0.9962E+00
 -0.8221E-01 -0.9966E+00
 -0.7739E-01 -0.9970E+00
 -0.7257E-01 -0.9974E+00
 -0.6775E-01 -0.9977E+00
 -0.6293E-01 -0.9980E+00
 -0.5810E-01 -0.9983E+00
 -0.5328E-01 -0.9986E+00
 -0.4845E-01 -0.9988E+00
 -0.4362E-01 -0.9990E+00
 -0.3879E-01 -0.9992E+00
 -0.3396E-01 -0.9994E+00
 -0.2913E-01 -0.9996E+00
 -0.2430E-01 -0.9997E+00
 -0.1947E-01 -0.9998E+00
 -0.1464E-01 -0.9999E+00
 -0.9805E-02 -0.1000E+01
 -0.4972E-02 -0.1000E+01
 -0.1390E-03 -0.1000E+01
  0.4694E-02 -0.1000E+01
  0.9527E-02 -0.1000E+01
  0.1436E-01 -0.9999E+00
  0.1919E-01 -0.9998E+00
  0.2402E-01 -0.9997E+00
  0.2886E-01 -0.9996E+00
  0.3369E-01 -0.9994E+00
  0.3852E-01 -0.9993E+00
  0.4335E-01 -0.9991E+00
  0.4817E-01 -0.9988E+00
  0.5300E-01 -0.9986E+00
  0.5783E-01 -0.9983E+00
  0.6265E-01 -0.9980E+00
  0.6747E-01 -0.9977E+00
  0.7229E-01 -0.9974E+00
  0.7711E-01 -0.9970E+00
  0.8193E-01 -0.9966E+00
  0.8675E-01 -0.9962E+00
  0.9156E-01 -0.9958E+00
  0.9637E-01 -0.9953E+00
  0.1012E+00 -0.9949E+00
  0.1060E+00 -0.9944E+00
  0.1108E+00 -0.9938E+00
  0.1156E+00 -0.9933E+00
  0.1204E+00 -0.9927E+00
  0.1252E+00 -0.9921E+00
  0.1300E+00 -0.9915E+00
  0.1348E+00 -0.9909E+00
  0.1396E+00 -0.9902E+00
  0.1443E+00 -0.9895E+00
  0.1491E+00 -0.9888E+00
  0.1539E+00 -0.9881E+00
  0.1587E+00 -0.9873E+00
  0.1634E+00 -0.9866E+00
  0.1682E+00 -0.9858E+00
  0.1730E+00 -0.9849E+00
  0.1777E+00 -0.9841E+00
  0.1825E+00 -0.9832E+00
  0.1872E+00 -0.9823E+00
  0.1920E+00 -0.9814E+00
  0.1967E+00 -0.9805E+00
  0.2015E+00 -0.9795E+00
  0.2062E+00 -0.9785E+00
  0.2109E+00 -0.9775E+00
  0.2156E+00 -0.9765E+00
  0.2204E+00 -0.9754E+00
  0.2251E+00 -0.9743E+00
  0.2298E+00 -0.9732E+00
  0.2345E+00 -0.9721E+00
  0.2392E+00 -0.9710E+00
  0.2439E+00 -0.9698E+00
  0.2485E+00 -0.9686E+00
  0.2532E+00 -0.9674E+00
  0.2579E+00 -0.9662E+00
  0.2626E+00 -0.9649E+00
  0.2672E+00 -0.9636E+00
  0.2719E+00 -0.9623E+00
  0.2765E+00 -0.9610E+00
  0.2812E+00 -0.9597E+00
  0.2858E+00 -0.9583E+00
  0.2904E+00 -0.9569E+00
  0.2951E+00 -0.9555E+00
  0.2997E+00 -0.9540E+00
  0.3043E+00 -0.9526E+00
  0.3089E+00 -0.9511E+00
  0.3135E+00 -0.9496E+00
  0.3181E+00 -0.9481E+00
  0.3226E+00 -0.9465E+00
  0.3272E+00 -0.9450E+00
  0.3318E+00 -0.9434E+00
  0.3363E+00 -0.9417E+00
  0.3409E+00 -0.9401E+00
  0.3454E+00 -0.9385E+00
  0.3499E+00 -0.9368E+00
  0.3545E+00 -0.9351E+00
  0.3590E+00 -0.9333E+00
  0.3635E+00 -0.9316E+00
  0.3680E+00 -0.9298E+00
  0.3725E+00 -0.9280E+00
  0.3770E+00 -0.9262E+00
  0.3814E+00 -0.9244E+00
  0.3859E+00 -0.9225E+00
  0.3903E+00 -0.9207E+00
  0.3948E+00 -0.9188E+00
  0.3992E+00 -0.9169E+00
  0.4037E+00 -0.9149E+00
  0.4081E+00 -0.9130E+00
  0.4125E+00 -0.9110E+00
  0.4169E+00 -0.9090E+00
  0.4213E+00 -0.9069E+00
  0.4256E+00 -0.9049E+00
  0.4300E+00 -0.9028E+00
  0.4344E+00 -0.9007E+00
  0.4387E+00 -0.8986E+00
  0.4431E+00 -0.8965E+00
  0.4474E+00 -0.8943E+00
  0.4517E+00 -0.8922E+00
  0.4560E+00 -0.8900E+00
  0.4603E+00 -0.8878E+00
  0.4646E+00 -0.8855E+00
  0.4689E+00 -0.8833E+00
  0.4731E+00 -0.8810E+00
  0.4774E+00 -0.8787E+00
  0.4816E+00 -0.8764E+00
  0.4858E+00 -0.8740E+00
  0.4901E+00 -0.8717E+00
  0.4943E+00 -0.8693E+00
  0.4985E+00 -0.8669E+00
  0.5027E+00 -0.8645E+00
  0.5068E+00 -0.8620E+00
  0.5110E+00 -0.8596E+00
  0.5151E+00 -0.8571E+00
  0.5193E+00 -0.8546E+00
  0.5234E+00 -0.8521E+00
  0.5275E+00 -0.8495E+00
  0.5316E+00 -0.8470E+00
  0.5357E+00 -0.8444E+00
  0.5398E+00 -0.8418E+00
  0.5438E+00 -0.8392E+00
  0.5479E+00 -0.8366E+00
  0.5519E+00 -0.8339E+00
  0.5559E+00 -0.8312E+00
  0.5600E+00 -0.8285E+00
  0.5640E+00 -0.8258E+00
  0.5679E+00 -0.8231E+00
  0.5719E+00 -0.8203E+00
  0.5759E+00 -0.8175E+00
  0.5798E+00 -0.8148E+00
  0.5837E+00 -0.8119E+00
  0.5877E+00 -0.8091E+00
  0.5916E+00 -0.8063E+00
  0.5955E+00 -0.8034E+00
  0.5993E+00 -0.8005E+00
  0.6032E+00 -0.7976E+00
  0.6070E+00 -0.7947E+00
  0.6109E+00 -0.7917E+00
  0.6147E+00 -0.7888E+00
  0.6185E+00 -0.7858E+00
  0.6223E+00 -0.7828E+00
  0.6261E+00 -0.7798E+00
  0.6298E+00 -0.7767E+00
  0.6336E+00 -0.7737E+00
  0.6373E+00 -0.7706E+00
  0.6410E+00 -0.7675E+00
  0.6447E+00 -0.7644E+00
  0.6484E+00 -0.7613E+00
  0.6521E+00 -0.7582E+00
  0.6557E+00 -0.7550E+00
  0.6594E+00 -0.7518E+00
  0.6630E+00 -0.7486E+00
  0.6666E+00 -0.7454E+00
  0.6702E+00 -0.7422E+00
  0.6738E+00 -0.7389E+00
  0.6774E+00 -0.7357E+00
  0.6809E+00 -0.7324E+00
  0.6844E+00 -0.7291E+00
  0.6879E+00 -0.7258E+00
  0.6914E+00 -0.7224E+00
  0.6949E+00 -0.7191E+00
  0.6984E+00 -0.7157E+00
  0.7018E+00 -0.7123E+00
  0.7053E+00 -0.7089E+00
  0.7087E+00 -0.7055E+00
  0.7121E+00 -0.7021E+00
  0.7155E+00 -0.6986E+00
  0.7189E+00 -0.6952E+00
  0.7222E+00 -0.6917E+00
  0.7255E+00 -0.6882E+00
  0.7289E+00 -0.6847E+00
  0.7322E+00 -0.6811E+00
  0.7354E+00 -0.6776E+00
  0.7387E+00 -0.6740E+00
  0.7420E+00 -0.6704E+00
  0.7452E+00 -0.6669E+00
  0.7484E+00 -0.6632E+00
  0.7516E+00 -0.6596E+00
  0.7548E+00 -0.6560E+00
  0.7579E+00 -0.6523E+00
  0.7611E+00 -0.6487E+00
  0.7642E+00 -0.6450E+00
  0.7673E+00 -0.6413E+00
  0.7704E+00 -0.6376E+00
  0.7735E+00 -0.6338E+00
  0.7765E+00 -0.6301E+00
  0.7796E+00 -0.6263E+00
  0.7826E+00 -0.6225E+00
  0.7856E+00 -0.6187E+00
  0.7886E+00 -0.6149E+00
  0.7915E+00 -0.6111E+00
  0.7945E+00 -0.6073E+00
  0.7974E+00 -0.6034E+00
  0.8003E+00 -0.5996E+00
  0.8032E+00 -0.5957E+00
  0.8061E+00 -0.5918E+00
  0.8089E+00 -0.5879E+00
  0.8118E+00 -0.5840E+00
  0.8146E+00 -0.5801E+00
  0.8174E+00 -0.5761E+00
  0.8201E+00 -0.5722E+00
  0.8229E+00 -0.5682E+00
  0.8256E+00 -0.5642E+00
  0.8283E+00 -0.5602E+00
  0.8310E+00 -0.5562E+00
  0.8337E+00 -0.5522E+00
  0.8364E+00 -0.5482E+00
  0.8390E+00 -0.5441E+00
  0.8416E+00 -0.5400E+00
  0.8442E+00 -0.5360E+00
  0.8468E+00 -0.5319E+00
  0.8494E+00 -0.5278E+00
  0.8519E+00 -0.5237E+00
  0.8544E+00 -0.5195E+00
  0.8569E+00 -0.5154E+00
  0.8594E+00 -0.5113E+00
  0.8619E+00 -0.5071E+00
  0.8643E+00 -0.5029E+00
  0.8667E+00 -0.4988E+00
  0.8691E+00 -0.4946E+00
  0.8715E+00 -0.4904E+00
  0.8739E+00 -0.4861E+00
  0.8762E+00 -0.4819E+00
  0.8785E+00 -0.4777E+00
  0.8808E+00 -0.4734E+00
  0.8831E+00 -0.4691E+00
  0.8854E+00 -0.4649E+00
  0.8876E+00 -0.4606E+00
  0.8898E+00 -0.4563E+00
  0.8920E+00 -0.4520E+00
  0.8942E+00 -0.4477E+00
  0.8964E+00 -0.4433E+00
  0.8985E+00 -0.4390E+00
  0.9006E+00 -0.4347E+00
  0.9027E+00 -0.4303E+00
  0.9048E+00 -0.4259E+00
  0.9068E+00 -0.4216E+00
  0.9088E+00 -0.4172E+00
  0.9108E+00 -0.4128E+00
  0.9128E+00 -0.4084E+00
  0.9148E+00 -0.4039E+00
  0.9167E+00 -0.3995E+00
  0.9186E+00 -0.3951E+00
  0.9205E+00 -0.3906E+00
  0.9224E+00 -0.3862E+00
  0.9243E+00 -0.3817E+00
  0.9261E+00 -0.3773E+00
  0.9279E+00 -0.3728E+00
  0.9297E+00 -0.3683E+00
  0.9315E+00 -0.3638E+00
  0.9332E+00 -0.3593E+00
  0.9350E+00 -0.3548E+00
  0.9367E+00 -0.3502E+00
  0.9383E+00 -0.3457E+00
  0.9400E+00 -0.3412E+00
  0.9416E+00 -0.3366E+00
  0.9433E+00 -0.3321E+00
  0.9448E+00 -0.3275E+00
  0.9464E+00 -0.3229E+00
  0.9480E+00 -0.3184E+00
  0.9495E+00 -0.3138E+00
  0.9510E+00 -0.3092E+00
  0.9525E+00 -0.3046E+00
  0.9539E+00 -0.3000E+00
  0.9554E+00 -0.2954E+00
  0.9568E+00 -0.2907E+00
  0.9582E+00 -0.2861E+00
  0.9596E+00 -0.2815E+00
  0.9609E+00 -0.2768E+00
  0.9622E+00 -0.2722E+00
  0.9635E+00 -0.2675E+00
  0.9648E+00 -0.2629E+00
  0.9661E+00 -0.2582E+00
  0.9673E+00 -0.2535E+00
  0.9685E+00 -0.2489E+00
  0.9697E+00 -0.2442E+00
  0.9709E+00 -0.2395E+00
  0.9720E+00 -0.2348E+00
  0.9732E+00 -0.2301E+00
  0.9743E+00 -0.2254E+00
  0.9753E+00 -0.2207E+00
  0.9764E+00 -0.2160E+00
  0.9774E+00 -0.2112E+00
  0.9784E+00 -0.2065E+00
  0.9794E+00 -0.2018E+00
  0.9804E+00 -0.1970E+00
  0.9813E+00 -0.1923E+00
  0.9823E+00 -0.1876E+00
  0.9831E+00 -0.1828E+00
  0.9840E+00 -0.1781E+00
  0.9849E+00 -0.1733E+00
  0.9857E+00 -0.1685E+00
  0.9865E+00 -0.1638E+00
  0.9873E+00 -0.1590E+00
  0.9880E+00 -0.1542E+00
  0.9888E+00 -0.1494E+00
  0.9895E+00 -0.1447E+00
  0.9902E+00 -0.1399E+00
  0.9908E+00 -0.1351E+00
  0.9915E+00 -0.1303E+00
  0.9921E+00 -0.1255E+00
  0.9927E+00 -0.1207E+00
  0.9933E+00 -0.1159E+00
  0.9938E+00 -0.1111E+00
  0.9943E+00 -0.1063E+00
  0.9948E+00 -0.1015E+00
  0.9953E+00 -0.9670E-01
  0.9958E+00 -0.9188E-01
  0.9962E+00 -0.8707E-01
  0.9966E+00 -0.8225E-01
  0.9970E+00 -0.7744E-01
  0.9974E+00 -0.7262E-01
  0.9977E+00 -0.6780E-01
  0.9980E+00 -0.6297E-01
  0.9983E+00 -0.5815E-01
  0.9986E+00 -0.5332E-01
  0.9988E+00 -0.4850E-01
  0.9990E+00 -0.4367E-01
  0.9992E+00 -0.3884E-01
  0.9994E+00 -0.3401E-01
  0.9996E+00 -0.2918E-01
  0.9997E+00 -0.2435E-01
  0.9998E+00 -0.1952E-01
  0.9999E+00 -0.1468E-01
  0.1000E+01 -0.9851E-02
  0.1000E+01 -0.5018E-02
